3 136 152 7
8 873 332 153
16 734 833 539
18 780 779 162
26 358 769 348
32 615 169 430
33 530 154 172
34 509 782 749
35 450 350 427
38 445 228 283
45 25 696 438
46 219 172 569
49 73 525 198
50 733 214 63
54 102 713 394
60 588 257 430
77 734 696 769
85 354 445 350
87 146 350 409
92 437 402 230
97 622 332 174
104 569 106 819
106 569 809 219
110 228 39 546
119 230 25 323
123 637 745 214
126 701 336 583
131 114 314 321
132 407 352 809
133 700 771 790
138 226 276 175
139 430 857 754
142 783 914 771
145 355 514 610
146 110 228 272
152 284 780 162
154 399 139 872
162 152 780 314
165 204 257 383
169 32 509 811
201 349 747 70
204 172 754 361
211 614 315 382
219 106 569 399
224 262 390 418
227 63 780 722
230 119 167 437
239 840 852 361
240 361 399 588
241 598 14 389
244 136 831 163
246 700 328 413
251 595 734 525
257 810 280 60
259 350 450 205
260 579 32 729
265 734 700 16
272 228 170 39
277 672 104 569
280 810 809 430
281 430 809 104
288 713 937 548
299 551 356 481
301 782 280 430
303 705 167 189
308 172 426 427
309 130 633 276
316 361 615 852
318 427 751 615
334 809 106 352
340 510 723 782
352 819 334 546
354 450 85 514
355 228 39 826
361 852 240 316
363 154 769 364
368 277 556 176
383 352 334 588
385 163 717 25
399 771 430 809
407 749 352 104
409 546 530 484
413 925 106 104
414 780 461 487
417 786 630 318
430 399 771 809
440 729 696 634
442 104 819 413
443 128 817 350
460 440 808 303
470 881 540 274
474 546 133 110
481 769 754 601
484 409 361 597
508 809 430 106
510 782 32 139
511 152 225 873
512 713 67 119
515 284 152 901
519 167 702 721
530 361 409 33
543 807 399 407
546 110 39 352
548 163 167 230
557 589 130 580
562 54 713 667
569 106 104 809
570 369 236 337
571 191 389 62
574 780 555 572
577 815 56 840
580 130 459 276
582 375 685 736
583 126 336 637
593 16 265 833
595 251 358 634
597 484 280 530
601 202 579 705
603 366 367 365
608 696 364 103
611 273 941 830
612 572 901 70
625 104 569 219
627 106 569 808
630 427 350 445
634 729 525 833
635 539 905 16
645 427 350 514
648 65 579 140
650 46 897 802
651 346 664 688
655 283 228 110
656 16 729 539
661 459 191 732
671 437 107 741
672 106 569 272
674 272 391 146
677 613 167 568
680 128 719 33
684 172 823 39
686 399 361 754
687 350 426 99
690 574 349 201
694 110 427 283
695 573 672 743
699 747 660 780
700 133 742 754
701 126 618 7
705 688 729 25
719 128 170 228
721 904 741 431
722 747 752 328
724 700 634 833
725 551 140 103
727 519 721 568
728 407 165 749
731 172 283 739
735 643 140 85
736 76 349 40
739 826 790 399
741 688 539 31
742 700 525 734
743 321 736 153
753 264 14 276
758 539 167 930
761 662 389 729
764 135 593 580
768 551 356 276
771 399 808 430
774 228 615 132
776 898 152 747
778 688 741 729
782 510 749 32
783 142 771 914
784 231 40 70
788 78 276 589
790 399 925 430
793 16 593 322
796 363 481 169
798 780 672 382
799 601 25 705
800 430 281 852
802 39 749 283
807 219 925 872
808 771 399 430
809 106 399 569
810 280 771 399
811 169 34 509
812 501 530 301
813 365 367 366
815 301 528 501
816 25 189 53
817 610 170 283
818 865 650 110
819 104 352 588
821 578 778 461
823 154 528 280
826 739 399 407
831 323 904 579
836 539 437 734
840 239 32 852
841 128 427 283
844 205 862 712
848 19 258 664
854 382 491 908
855 430 771 686
856 650 724 154
857 139 790 399
858 598 636 140
860 908 883 854
865 802 170 283
868 264 596 276
872 807 399 810
873 925 284 672
875 390 181 401
878 673 579 230
883 908 876 564
887 653 186 575
890 14 904 437
894 688 65 431
897 46 749 407
899 604 493 873
901 328 284 672
903 88 873 149
904 721 705 831
905 525 276 438
908 359 135 593
909 102 741 679
911 40 113 464
913 727 151 127
914 783 142 771
916 904 905 568
919 125 610 586
924 387 366 27
925 413 106 771
927 875 941 284
928 349 321 555
929 688 358 67
930 758 437 700
934 230 119 437
936 130 78 742
938 237 549 696
940 702 721 431
