3 312 332 747 750 244 322 271 285 301 314
8 268 99 274 288 299 317 257 312 126 55
16 49 275 14 180 274 257 126 120 287 288
18 285 55 268 299 49 99 293 97 172 203
26 6 180 116 275 126 0 272 146 256 257
32 287 299 747 325 321 331 258 330 357 285
33 299 257 287 327 268 300 332 301 306 312
34 287 293 322 288 312 306 285 244 309 303
35 299 257 285 301 327 326 331 293 330 321
38 285 301 287 339 327 302 689 749 267 318
45 257 285 325 321 300 268 303 288 322 301
46 299 318 241 312 332 327 293 689 747 271
49 257 6 49 299 149 13 247 292 0 92
50 173 97 182 55 482 422 203 356 434 175
54 221 6 0 126 287 257 293 99 249 545
60 312 287 285 244 325 306 258 288 321 878
77 285 257 299 110 274 14 0 327 747 8
85 689 747 332 306 312 300 325 309 331 291
87 268 339 309 291 332 288 257 327 271 241
92 236 110 24 470 755 49 180 254 117 404
97 196 426 285 49 268 482 514 212 236 274
104 299 293 327 244 300 288 345 314 322 346
106 293 747 327 300 271 689 288 314 244 318
110 299 267 318 749 689 287 326 346 269 305
119 49 180 99 221 293 117 299 6 287 275
123 55 182 175 180 88 209 233 203 21 126
126 312 322 327 677 878 180 271 750 314 894
131 99 474 530 6 178 180 115 275 196 513
132 287 301 747 332 689 300 270 288 322 309
133 287 244 332 288 49 321 306 270 309 180
138 318 257 275 8 12 300 268 288 299 13
139 299 287 327 332 747 268 312 326 306 322
142 299 747 268 244 301 677 288 270 309 326
145 285 689 287 332 269 331 747 749 302 309
146 301 285 302 299 346 287 267 271 314 305
152 287 299 97 221 285 172 0 99 175 312
154 299 257 268 301 312 332 300 244 267 288
162 312 293 49 301 173 99 180 288 267 327
165 332 244 325 258 288 677 331 309 270 689
169 299 747 331 306 312 288 330 242 878 309
201 49 180 126 99 173 482 97 274 602 513
204 287 293 244 300 309 322 301 291 689 320
211 482 136 478 49 513 473 602 479 99 173
219 301 312 327 747 326 269 320 689 244 271
224 173 422 198 478 49 482 204 180 483 131
227 268 293 267 257 301 339 747 602 49 172
230 14 236 293 124 221 116 256 117 24 257
239 257 332 327 285 293 689 314 331 309 326
240 257 327 747 285 268 332 314 326 325 322
241 257 285 275 274 8 318 507 268 287 288
244 120 117 14 404 0 124 256 110 236 116
246 285 257 293 312 287 288 747 327 274 300
251 123 49 507 282 257 12 126 149 236 241
257 299 268 244 258 321 300 325 303 306 270
259 306 301 331 345 327 689 326 749 688 330
260 299 322 327 257 677 306 332 312 331 309
265 268 257 241 99 8 299 288 115 49 300
272 268 285 301 299 257 300 749 305 267 241
277 301 299 271 339 270 267 326 332 302 689
280 299 747 327 312 244 306 285 677 258 291
281 285 312 327 300 689 747 331 271 288 325
288 117 116 180 596 236 49 545 147 239 256
299 747 677 322 332 244 325 258 257 306 331
301 299 287 312 332 285 325 331 677 301 268
303 257 747 288 322 244 677 325 332 303 300
308 268 327 300 288 301 287 309 291 312 293
309 285 0 247 474 236 299 110 297 507 150
316 257 293 332 331 306 342 894 309 258 681
318 287 257 299 327 285 326 747 293 269 689
334 293 285 301 325 326 309 271 330 314 331
340 331 325 299 306 747 332 327 257 688 322
352 287 312 293 301 747 268 689 306 322 346
354 332 326 257 331 689 267 747 300 301 318
355 287 268 689 300 288 301 244 331 258 326
361 325 285 677 288 306 270 258 309 268 326
363 299 257 327 300 747 312 332 331 326 322
368 257 287 268 301 299 285 293 312 326 332
383 257 287 293 285 309 244 314 331 321 258
385 180 0 741 287 293 256 236 257 146 249
399 312 288 332 244 321 325 301 309 326 314
407 268 332 689 300 749 288 267 309 244 331
409 287 301 293 271 309 300 332 244 326 749
413 285 268 312 327 332 326 267 270 288 244
414 285 49 173 180 287 126 97 602 99 293
417 306 269 293 346 285 339 271 747 689 331
430 287 257 327 312 332 288 300 677 270 331
440 299 257 747 327 244 285 332 322 49 677
442 287 301 299 271 267 327 269 345 325 323
443 287 301 300 267 293 318 339 326 332 345
460 285 299 267 300 314 287 339 288 327 271
470 70 180 431 14 117 20 120 142 209 87
474 299 268 293 287 301 271 300 288 327 339
481 299 257 285 293 312 322 332 321 309 677
484 299 257 301 689 332 314 271 309 326 331
508 293 312 327 747 332 285 270 244 268 322
510 257 331 306 747 327 325 322 677 244 330
511 287 99 180 11 97 173 171 293 126 78
512 120 0 6 596 293 236 287 14 741 257
515 99 0 126 317 257 173 293 426 7 14
519 257 287 747 327 244 312 322 14 236 300
530 257 293 327 312 325 306 332 300 309 677
543 299 747 332 244 314 268 306 689 677 271
546 268 285 299 287 271 267 749 293 689 326
548 404 221 116 124 14 256 545 257 741 150
557 241 275 284 318 8 220 12 99 9 474
562 120 221 116 404 293 110 287 0 299 150
569 299 293 268 312 327 332 267 326 339 322
570 513 482 479 522 478 473 426 653 510 133
571 274 285 275 254 257 236 99 14 49 320
574 173 257 171 99 356 0 285 21 317 55
577 747 312 332 299 327 750 321 49 242 357
580 285 13 115 507 123 136 318 12 257 267
582 55 97 317 602 237 179 173 186 172 175
583 21 49 227 180 172 173 264 78 95 88
593 274 268 99 282 8 275 257 320 126 299
595 747 327 285 49 244 99 288 321 332 268
597 299 327 314 287 309 747 300 325 293 301
601 287 299 257 322 327 244 321 288 312 332
603 97 435 218 446 52 287 49 180 175 558
608 299 747 332 288 327 244 357 306 300 331
611 49 180 120 293 150 288 814 110 124 844
612 285 274 99 14 180 13 495 299 190 356
625 299 270 301 244 268 300 321 325 677 326
627 268 285 312 327 300 288 747 309 271 303
630 299 257 287 268 301 327 326 689 314 747
634 257 285 287 288 244 312 267 321 332 49
635 275 49 285 14 236 110 13 180 24 474
645 327 747 287 306 258 332 325 322 293 749
648 236 117 124 256 404 741 221 596 283 150
650 318 268 320 257 299 301 302 288 300 274
651 257 747 312 327 180 321 49 677 0 120
655 312 257 299 339 287 267 304 314 318 306
656 257 287 49 99 275 180 236 267 6 126
661 474 8 13 99 236 123 115 282 0 268
671 236 120 8 12 125 0 110 124 275 180
672 312 301 339 288 689 318 270 320 747 244
674 267 318 268 339 301 241 300 271 689 320
677 120 99 150 8 283 470 12 254 124 282
680 299 301 312 306 300 268 331 332 747 749
684 267 287 257 305 302 299 300 241 312 689
686 257 285 327 293 288 322 268 300 332 309
687 299 688 332 327 322 312 747 894 257 330
690 182 173 478 482 356 171 186 133 233 175
694 301 268 257 285 326 339 327 689 749 302
695 268 271 285 302 257 749 267 300 315 288
699 203 171 97 55 68 63 194 175 0 21
700 285 268 257 300 293 320 287 747 318 241
701 270 327 677 322 325 688 894 271 314 750
705 116 120 299 221 236 285 126 256 14 747
719 302 299 304 271 300 749 269 689 326 306
721 49 180 120 0 287 116 293 14 257 221
722 49 180 285 99 317 126 268 299 293 287
724 49 268 293 287 288 747 318 275 267 0
725 293 124 747 677 327 244 14 596 299 303
727 49 180 0 8 275 110 285 120 221 150
728 257 258 314 322 325 342 749 285 244 331
731 257 268 287 293 318 241 300 327 332 312
735 236 8 99 507 297 275 257 249 116 290
736 97 55 173 356 49 317 99 203 190 167
739 257 312 300 332 267 320 689 244 309 322
741 120 126 275 287 293 285 8 256 404 117
742 285 257 241 318 312 327 332 244 747 303
743 99 97 180 317 285 474 268 257 514 356
753 124 120 293 256 257 49 470 0 545 677
758 293 287 747 236 180 49 14 322 288 244
761 268 285 318 13 274 257 320 267 241 288
764 275 8 268 99 115 474 123 282 318 12
768 236 124 0 117 221 596 741 180 24 275
771 257 327 293 747 285 244 332 288 268 300
774 312 287 314 327 300 302 346 332 747 293
776 49 317 180 221 173 120 257 68 63 236
778 49 0 120 236 116 293 150 124 117 99
782 293 312 331 325 747 301 244 285 321 326
783 299 747 287 244 288 293 321 689 300 301
784 257 49 172 175 317 173 171 97 293 285
788 275 99 6 274 149 257 12 13 236 123
790 257 293 747 312 332 322 267 301 309 320
793 99 257 282 275 267 13 236 507 287 8
796 287 293 257 312 322 677 321 244 332 288
798 268 299 320 99 293 602 180 241 482 267
799 257 287 0 49 747 285 120 99 180 116
800 257 312 747 331 244 322 750 878 677 321
802 299 257 312 301 288 327 300 318 293 287
807 257 268 327 747 267 326 300 288 314 339
808 299 287 293 268 332 49 244 321 322 300
809 257 327 747 244 301 322 321 288 309 306
810 287 327 312 244 332 268 321 325 309 301
811 299 257 332 312 322 321 331 306 258 309
812 299 287 747 688 322 677 327 332 331 325
813 97 435 233 182 446 200 6 287 4 183
815 299 327 747 332 322 306 677 894 270 688
816 287 293 180 49 116 120 99 299 221 256
817 287 257 268 312 306 339 332 326 749 271
818 285 268 257 300 287 312 288 269 323 271
819 299 257 293 327 332 285 268 322 244 271
821 747 257 293 0 287 299 327 244 312 844
823 299 257 327 747 244 332 312 689 318 309
826 299 285 268 287 327 293 332 747 314 288
831 299 287 747 332 677 288 312 331 303 242
836 110 8 120 125 254 0 49 221 99 814
840 312 257 327 293 750 301 268 314 244 321
841 301 257 285 749 339 299 287 345 326 689
844 681 306 339 287 332 257 285 304 326 269
848 180 49 0 293 70 116 117 422 68 21
854 169 513 212 136 268 602 13 191 274 581
855 299 747 327 287 285 293 268 288 244 332
856 285 288 268 318 287 300 747 241 303 267
857 257 287 299 293 312 332 747 301 327 267
858 236 92 120 814 273 755 124 863 283 149
860 136 581 285 318 267 69 380 268 115 241
865 285 268 302 267 257 300 339 288 312 689
868 236 120 254 124 275 475 8 470 99 0
872 287 285 312 268 327 747 301 332 288 689
873 285 268 274 257 49 99 318 267 136 8
875 99 49 55 11 285 474 13 602 97 513
878 120 49 180 470 124 117 404 110 741 116
883 285 13 136 284 318 241 288 267 123 282
887 275 284 274 530 123 8 99 236 24 14
890 8 274 12 120 275 180 254 150 221 110
894 236 120 99 0 14 221 285 257 126 256
897 257 268 301 312 332 267 293 327 288 300
899 49 180 99 6 514 126 221 116 275 12
901 285 287 99 126 268 747 0 288 244 6
903 110 236 274 69 87 14 24 268 285 380
904 287 49 293 99 285 180 0 747 120 116
905 8 0 49 507 123 180 285 126 236 257
908 268 318 241 136 284 320 267 302 123 305
909 49 180 0 257 293 6 126 285 275 120
911 97 173 356 513 190 186 473 602 27 477
913 69 380 731 274 65 93 48 236 738 14
914 257 285 747 268 288 293 322 321 244 300
916 99 8 14 236 120 0 274 292 110 123
919 287 312 257 293 747 894 326 332 306 325
924 287 293 257 299 357 747 327 312 270 325
925 257 268 293 312 327 267 301 747 300 318
927 257 287 293 299 49 99 747 267 301 268
928 97 49 172 602 171 55 356 167 182 180
929 0 49 180 236 14 99 221 293 116 257
930 285 299 288 320 293 300 318 312 747 327
934 14 124 0 116 117 180 49 404 24 221
936 285 268 318 99 115 288 320 123 275 13
938 124 596 117 747 925 755 545 293 116 404
940 49 99 120 287 293 126 221 275 249 0
