2 312 747 285 300 345 268 681 689 878 677
3 312 747 332 244 750 342 322 285 878 677
8 268 99 288 299 274 312 301 318 317 257
11 180 0 68 172 55 99 185 422 63 221
16 49 275 180 14 257 274 126 120 287 221
18 285 55 49 99 299 268 293 97 172 126
19 49 14 221 236 116 124 70 256 126 203
26 6 116 180 126 272 275 0 146 545 256
28 312 257 326 287 270 271 332 339 327 314
29 299 287 747 327 332 270 322 244 321 325
30 285 268 602 257 179 136 197 312 241 530
31 49 180 0 257 120 236 299 124 126 747
32 287 299 747 325 331 321 258 326 288 689
33 299 287 257 327 332 268 747 300 306 312
34 287 293 322 244 312 288 309 285 306 303
35 326 301 257 299 345 331 285 327 330 300
36 180 120 143 183 567 293 257 225 471 226
38 285 301 302 339 287 318 689 326 749 327
39 312 301 287 300 747 689 326 288 314 306
40 49 171 203 172 184 182 63 78 175 21
44 124 404 470 116 1027 1046 221 545 273 814
45 257 285 325 321 300 288 301 268 303 677
46 299 318 241 312 689 332 327 293 271 747
49 257 6 49 149 247 92 13 292 320 299
50 97 173 55 356 482 203 422 434 182 184
52 0 221 116 126 14 404 236 741 275 470
54 6 221 0 126 287 293 99 257 236 545
60 312 287 285 244 325 288 321 258 878 306
65 221 256 99 117 124 275 24 8 150 545
66 117 596 14 236 116 470 110 762 741 410
67 0 14 99 221 150 293 256 146 283 273
70 99 126 97 257 274 317 268 482 6 179
73 285 299 268 49 288 747 318 320 180 126
77 257 299 285 747 110 327 0 49 321 274
79 317 285 63 179 173 257 180 172 190 356
85 747 332 689 300 312 325 306 291 321 244
87 268 339 257 271 291 332 309 302 288 315
92 236 110 24 49 470 180 404 117 273 755
97 196 49 426 482 285 212 82 268 173 85
102 0 99 236 14 6 173 24 257 275 150
104 299 293 327 288 244 345 346 300 314 750
106 293 747 288 327 300 244 271 689 303 314
107 275 8 14 256 116 150 285 474 257 24
110 299 749 326 318 287 689 269 267 345 346
111 287 339 689 269 331 314 267 681 318 270
112 299 747 300 306 332 303 312 268 330 301
113 173 184 602 479 193 134 171 478 434 172
119 49 180 99 293 221 117 6 299 470 287
122 317 356 133 602 190 173 169 193 136 581
123 55 182 180 175 88 233 209 126 203 99
125 747 306 268 285 267 342 330 357 894 309
126 312 322 677 327 878 271 180 750 314 268
128 300 288 339 327 346 318 332 689 304 749
130 318 115 257 474 320 300 282 299 267 288
131 99 178 180 6 474 530 173 193 196 190
132 301 287 747 332 689 288 300 326 270 346
133 287 332 244 288 321 306 270 309 49 331
135 49 257 284 318 267 0 180 301 241 6
136 293 287 257 6 124 677 741 99 146 126
137 49 190 196 126 173 274 180 479 477 203
138 318 257 275 300 320 12 299 268 288 8
139 299 287 332 268 327 747 326 312 291 306
141 257 312 299 285 268 49 747 270 327 267
142 299 747 244 268 677 326 288 301 270 303
145 285 689 302 269 749 332 287 331 681 747
146 285 301 302 299 287 346 305 288 241 320
148 346 287 689 749 332 291 306 305 269 747
149 6 285 8 236 257 293 507 116 274 14
152 287 299 97 221 285 99 312 0 172 175
153 97 99 602 55 317 22 513 482 268 180
154 299 257 268 312 332 288 244 300 301 321
155 482 173 97 478 602 473 653 513 55 178
156 120 236 6 14 180 293 221 474 256 287
161 99 117 404 272 126 545 55 275 474 239
162 312 293 49 301 288 173 267 99 270 180
164 293 49 299 312 0 285 55 747 99 267
165 332 244 325 677 288 258 878 331 689 270
168 285 293 97 356 312 317 99 270 175 63
169 299 747 288 331 312 242 878 309 330 306
170 299 318 346 271 300 288 749 327 320 241
171 191 658 478 653 662 133 473 169 506 47
172 257 287 332 312 244 747 303 309 339 306
174 173 97 180 203 78 0 356 422 167 172
178 312 346 326 269 285 747 342 331 270 258
181 14 275 24 126 150 116 274 6 404 8
182 402 182 194 384 173 172 230 232 553 81
184 99 0 482 282 190 478 136 528 13 602
190 257 302 689 345 326 346 267 270 318 304
191 285 236 8 274 12 293 299 0 318 320
195 274 236 318 13 735 87 99 282 136 731
198 287 299 288 49 747 320 318 300 236 332
201 49 99 180 126 173 482 602 97 274 356
202 299 747 120 124 117 285 14 327 677 404
203 268 318 288 271 312 689 305 346 326 304
204 287 244 293 300 322 309 291 331 326 301
207 172 691 152 209 167 731 317 68 654 482
208 318 288 299 312 339 301 302 747 267 327
210 49 312 257 293 747 288 327 325 322 270
211 49 482 478 136 173 133 602 99 473 356
217 97 184 178 181 237 233 179 88 173 199
218 285 312 49 271 267 747 301 309 287 180
219 301 312 327 326 747 269 271 689 320 244
224 173 198 49 483 422 478 356 204 131 194
225 99 49 275 474 180 126 0 236 284 123
227 268 301 257 293 267 339 288 747 49 270
228 326 689 300 269 267 270 306 293 345 288
230 14 236 293 124 221 116 256 117 99 24
236 479 483 193 653 426 49 134 317 510 506
237 236 0 14 116 287 49 596 221 24 747
239 257 332 327 285 293 689 325 331 326 677
240 257 747 327 268 332 285 326 325 314 270
241 257 285 275 274 320 318 8 287 268 288
244 120 0 117 14 404 256 110 236 124 475
246 285 257 293 312 288 287 327 747 274 180
251 282 123 149 12 49 507 284 126 318 241
257 299 244 268 258 321 325 300 303 677 326
258 49 55 99 257 78 126 6 173 236 0
259 306 331 327 301 326 345 330 894 689 749
260 299 257 327 322 677 332 312 306 288 331
264 120 0 293 221 404 24 146 275 596 8
265 268 257 241 299 99 288 8 49 115 300
271 184 88 186 317 167 178 175 179 63 134
272 268 285 301 299 257 300 749 305 288 267
277 301 299 270 271 339 326 689 302 332 267
280 299 747 327 312 244 285 677 306 258 291
281 312 285 747 327 300 288 689 331 244 271
282 0 120 110 180 404 24 117 87 236 221
283 287 326 314 270 293 291 330 244 315 241
284 285 49 293 180 267 126 0 55 288 173
288 117 116 180 596 49 236 545 239 147 256
299 747 677 325 322 332 244 257 258 306 124
301 287 299 332 312 677 325 331 285 326 689
303 257 747 288 322 244 677 325 332 300 303
305 275 284 8 236 14 120 254 0 123 299
308 268 288 300 327 291 301 287 747 326 312
309 0 247 285 474 236 299 24 150 110 741
316 257 293 332 342 331 681 326 306 894 309
318 287 257 299 747 326 327 285 293 689 271
321 55 97 99 173 473 285 186 133 174 356
332 49 257 285 288 180 312 287 172 221 0
334 293 285 325 326 301 288 271 309 314 331
336 404 116 70 0 1027 422 117 236 251 150
339 68 495 131 96 418 426 482 209 431 132
340 331 325 747 332 299 327 306 257 677 322
348 6 0 24 281 110 545 12 292 149 283
349 602 55 473 99 126 356 193 483 317 233
350 257 332 258 689 293 330 303 681 271 268
351 173 184 10 21 167 199 126 203 178 186
352 287 312 268 301 293 747 288 689 322 306
354 326 332 257 689 301 331 747 267 300 325
355 287 244 268 300 689 288 331 258 326 322
357 169 191 656 602 197 478 653 639 97 55
358 257 287 49 293 221 299 99 256 126 236
361 325 677 285 288 258 326 342 878 270 268
363 299 257 300 327 747 312 332 326 244 331
365 182 4 664 99 175 180 171 173 49 323
367 184 199 442 664 257 175 163 323 293 301
368 257 268 301 285 287 299 312 293 326 288
370 55 171 203 175 194 95 167 172 88 27
374 55 97 52 183 199 16 446 218 11 233
375 49 99 285 257 0 275 126 317 8 293
376 293 299 301 332 49 285 327 268 180 326
381 180 514 285 123 11 478 12 128 0 181
383 257 287 285 293 244 309 268 314 321 331
385 180 0 741 287 293 256 236 14 124 249
387 293 747 6 180 49 321 244 357 326 270
389 268 293 300 241 320 244 287 49 747 275
394 293 299 257 221 116 287 404 117 747 741
395 117 293 180 49 257 747 684 256 6 322
399 312 288 332 244 321 301 326 325 267 677
402 0 49 236 14 124 741 404 24 293 281
403 287 314 325 321 750 285 270 872 300 681
407 268 332 288 689 300 244 291 322 331 258
409 287 301 300 332 271 244 326 309 293 749
410 203 173 172 81 95 422 78 120 175 143
411 97 49 180 99 126 184 175 88 78 167
412 287 293 99 747 318 267 312 320 275 126
413 285 312 268 327 326 332 270 288 267 244
414 285 49 173 180 99 602 97 126 287 312
417 306 293 346 269 285 747 339 750 331 271
418 482 126 356 479 602 478 97 317 55 495
419 285 268 305 257 267 339 241 284 49 302
423 257 299 747 180 312 987 320 236 221 256
426 300 332 747 287 325 689 306 326 258 293
427 257 268 287 327 747 332 326 309 750 269
430 287 257 327 312 332 288 300 677 325 331
432 257 287 99 312 299 288 270 126 326 323
433 0 596 283 1027 741 281 24 116 1046 404
437 221 24 274 124 116 275 126 293 299 404
438 49 257 293 8 180 0 285 126 116 24
439 268 285 301 302 305 300 267 304 346 269
440 299 257 747 49 327 285 180 332 244 677
442 287 299 301 271 323 327 267 325 689 345
443 301 287 267 339 318 300 326 749 293 689
445 299 257 312 288 332 339 309 321 318 303
447 345 271 269 689 312 346 241 287 323 330
460 285 299 288 300 314 267 339 287 271 327
461 293 257 327 747 321 332 244 49 285 342
463 312 303 49 270 267 322 244 326 309 324
466 180 507 293 285 8 236 128 120 221 12
468 477 513 478 479 169 660 196 434 481 356
469 274 13 123 126 236 268 14 120 272 9
470 70 14 180 20 431 117 120 865 755 844
472 285 474 257 99 284 268 149 220 49 12
474 299 268 301 287 293 271 288 327 339 747
476 110 273 65 691 865 274 761 475 1027 844
480 173 356 210 167 482 171 422 193 201 185
481 299 257 285 293 312 321 332 322 677 309
482 257 293 24 14 126 21 514 99 12 6
484 299 257 301 332 689 339 314 326 271 331
489 275 507 247 12 120 146 287 128 741 274
490 275 13 274 268 301 49 136 8 241 267
491 602 169 356 49 190 196 479 483 173 179
493 126 274 257 299 275 514 256 268 116 482
501 747 327 325 322 331 681 688 244 306 321
506 257 293 325 258 306 321 331 357 894 288
508 312 293 747 332 327 285 268 244 326 689
509 747 327 325 331 306 878 303 681 326 342
510 257 747 331 327 325 306 244 322 677 326
511 99 180 126 173 287 97 171 11 293 95
512 120 0 6 236 293 14 287 124 596 256
514 332 331 325 326 258 303 300 342 345 750
515 99 0 293 257 126 173 426 317 7 14
516 287 293 747 288 120 180 116 327 244 322
518 894 681 306 325 688 345 301 299 342 257
519 257 287 747 244 322 312 327 321 300 320
521 173 97 182 55 473 186 184 171 482 88
524 49 180 116 293 6 221 741 281 470 8
527 171 194 97 131 88 356 203 21 233 126
528 299 747 312 332 288 300 303 689 301 677
529 180 236 221 126 293 0 317 285 68 120
530 257 312 327 332 325 293 306 300 342 681
538 13 317 69 581 85 190 513 735 136 508
539 236 120 116 275 287 24 274 126 288 254
543 299 747 332 244 677 268 271 321 689 314
545 677 747 306 323 332 299 326 116 325 270
546 268 285 299 271 287 749 689 293 326 244
548 14 221 404 116 124 256 150 470 545 257
549 677 257 325 244 321 14 288 242 256 116
554 99 0 236 293 285 126 221 275 8 274
555 285 49 99 268 482 97 513 479 257 55
556 285 257 301 312 747 332 318 300 339 327
557 241 318 284 275 12 220 8 474 99 9
562 120 221 404 116 293 0 110 299 287 150
563 287 257 747 677 293 325 327 321 306 303
564 115 13 284 136 581 274 85 528 735 318
569 299 293 312 268 327 332 326 267 271 322
570 513 479 482 522 478 481 660 426 133 653
571 274 285 275 320 254 257 49 236 99 14
572 482 99 356 63 180 317 97 0 190 602
573 285 312 300 306 749 304 267 305 270 750
574 173 99 171 257 356 55 0 285 221 63
575 0 99 126 221 285 257 120 116 299 6
577 747 332 312 299 327 750 321 306 242 357
579 287 116 677 236 117 256 327 244 741 321
580 285 13 115 318 123 507 241 12 136 9
581 116 0 117 293 99 146 545 741 281 126
582 55 97 173 317 179 178 237 181 175 602
583 21 227 49 180 172 264 194 54 173 175
588 747 327 268 325 244 301 331 750 689 314
589 49 24 292 282 92 245 507 0 110 123
593 274 99 268 8 282 275 257 320 299 288
595 747 327 285 244 49 288 332 321 99 325
596 257 287 747 256 221 120 236 285 124 741
597 299 327 287 747 314 301 331 325 309 270
598 124 596 293 117 120 14 0 545 1046 741
601 287 299 257 327 322 244 321 325 288 332
602 257 49 227 287 78 299 209 194 81 317
603 97 435 218 52 287 446 180 49 175 16
606 285 13 513 268 284 115 282 508 318 49
608 299 747 332 288 300 327 244 357 331 325
610 301 257 326 271 330 689 331 269 747 327
611 49 180 120 293 150 288 124 475 470 814
612 274 285 99 180 14 13 8 299 190 173
613 236 120 14 124 49 281 110 470 6 117
615 293 326 331 244 306 301 270 750 309 689
622 172 0 173 97 171 99 167 236 422 356
625 299 326 270 244 301 268 325 342 677 321
627 268 285 312 747 288 327 300 244 303 309
630 257 299 287 268 301 326 327 747 332 339
632 99 180 173 199 49 10 181 95 184 293
634 257 285 287 288 244 312 332 267 321 49
635 49 275 285 14 236 180 13 474 6 24
640 285 602 478 268 481 169 527 186 317 190
643 287 677 244 312 331 300 309 124 878 357
645 287 747 327 332 325 258 306 300 293 285
646 180 49 0 173 171 422 117 126 203 194
648 124 236 117 256 404 221 741 596 150 110
650 268 318 257 299 320 301 302 288 300 312
651 257 747 312 327 321 180 677 49 325 120
655 257 312 299 339 287 267 306 318 689 314
656 49 257 99 287 275 236 180 6 120 274
661 474 13 8 99 236 123 115 282 0 241
666 285 49 173 63 513 172 190 257 99 55
667 312 747 244 677 750 321 180 878 314 326
669 482 356 495 434 477 203 513 133 135 426
671 236 120 8 0 12 124 125 275 110 470
672 301 312 288 339 689 318 270 244 747 305
673 180 257 747 236 327 470 99 545 258 325
674 301 268 339 267 318 241 271 689 300 312
676 293 287 257 116 120 99 14 332 49 987
677 120 150 99 470 283 8 12 116 124 475
678 171 317 172 97 78 422 209 215 99 126
679 49 236 0 180 274 282 126 6 474 221
680 299 301 312 331 300 332 268 747 326 306
684 287 257 267 299 302 312 305 288 269 300
686 257 327 285 332 288 293 268 322 300 321
687 299 332 747 894 327 688 257 312 322 342
688 180 0 293 287 236 116 257 99 741 126
690 173 478 182 482 171 356 99 133 175 233
691 236 0 120 49 150 110 14 475 180 256
694 257 301 268 285 326 332 327 689 339 288
695 268 271 285 302 257 749 288 315 326 299
699 97 203 171 55 63 194 175 0 68 356
700 285 268 257 300 293 318 320 747 287 301
701 270 677 327 322 325 894 688 750 271 314
702 99 120 14 126 741 124 285 150 297 404
705 116 120 299 221 236 747 285 14 256 126
712 271 689 345 302 299 257 315 681 304 331
713 124 117 221 741 256 293 24 99 126 275
717 293 287 596 124 257 116 747 236 180 0
718 14 0 110 150 180 24 274 470 221 844
719 302 304 271 299 269 326 300 749 339 689
721 49 180 120 0 287 116 293 14 257 221
722 49 180 285 99 317 299 293 268 126 287
724 49 293 287 268 747 288 275 0 267 312
725 124 293 747 180 596 14 677 741 117 120
727 49 0 180 8 120 221 274 110 150 285
728 257 258 342 322 314 325 244 331 749 677
729 287 293 285 0 288 120 126 244 312 221
731 268 257 287 300 241 318 301 332 327 302
733 49 0 482 180 356 27 193 63 426 99
734 49 293 274 299 287 236 320 126 267 14
735 236 8 99 116 290 545 275 507 249 6
736 173 55 97 49 356 99 317 178 203 482
738 173 49 21 97 312 293 426 257 356 510
739 257 312 300 332 244 267 689 320 326 322
741 120 126 293 287 275 285 8 256 404 24
742 285 257 241 318 244 312 332 327 747 303
743 99 180 97 285 317 474 173 268 514 6
744 49 356 126 171 317 602 190 55 473 184
745 173 209 194 175 97 21 172 227 233 264
749 257 312 332 288 326 325 331 689 322 309
751 268 332 331 749 327 750 330 681 314 267
752 171 126 99 257 317 190 479 97 299 63
753 120 124 293 256 49 0 274 470 180 257
754 257 285 327 332 312 300 291 325 267 331
758 293 287 747 236 49 180 14 288 322 124
759 150 236 96 120 293 0 87 221 70 14
760 116 120 596 124 256 747 99 117 299 6
761 268 285 13 318 274 257 320 241 282 267
764 8 275 99 268 115 474 123 318 12 282
766 173 602 356 49 193 317 196 434 479 513
767 236 293 257 180 285 14 221 99 288 275
768 124 0 236 117 221 596 741 24 287 180
769 285 293 99 275 236 8 256 116 126 120
770 49 299 69 285 268 24 99 172 747 317
771 257 747 327 293 244 285 332 288 268 300
774 312 287 327 747 288 302 332 300 291 244
776 49 180 317 221 173 120 236 63 68 190
777 95 209 172 402 167 180 201 49 21 175
778 49 0 120 293 116 236 99 150 404 117
779 173 49 482 193 180 99 55 479 478 126
780 49 55 293 97 171 299 356 312 78 0
782 312 747 244 331 293 285 325 326 301 291
783 299 747 287 244 288 689 301 300 321 326
784 49 173 257 180 172 171 175 97 317 293
786 312 287 326 331 300 339 681 269 747 327
788 275 99 6 274 149 12 236 13 123 120
790 257 293 747 312 332 267 322 301 303 325
791 124 116 14 117 49 283 741 404 236 180
792 474 99 110 146 6 236 116 124 0 741
793 99 257 282 13 275 267 236 299 8 318
796 287 293 257 677 312 322 321 244 332 288
798 268 299 99 602 301 126 293 180 482 514
799 257 287 747 49 0 120 285 99 180 236
800 257 747 312 244 331 322 677 878 321 342
801 287 97 199 332 183 312 182 681 323 218
802 299 257 301 312 327 288 318 300 293 287
807 257 268 747 327 326 267 288 300 314 339
808 287 299 293 268 332 244 321 326 49 322
809 257 747 327 244 288 322 321 301 326 270
810 287 312 327 244 268 332 321 325 301 326
811 299 257 332 312 321 322 258 331 689 306
812 299 287 747 677 322 332 325 327 257 331
813 97 435 233 182 200 287 4 6 446 163
815 299 747 327 332 677 306 322 894 878 681
816 287 293 180 116 49 120 99 299 221 677
817 287 257 312 268 326 306 339 332 749 271
818 285 268 257 288 300 269 312 287 271 324
819 299 257 327 293 332 285 268 244 271 322
820 49 236 221 150 126 470 256 110 24 8
821 747 257 0 293 287 299 327 844 116 322
823 299 257 747 327 244 332 312 268 689 318
826 299 285 268 287 293 327 302 288 747 332
828 285 282 136 275 268 8 49 115 284 581
830 293 285 312 288 321 268 270 301 267 300
831 287 299 747 332 288 677 312 242 300 258
833 285 299 236 275 180 288 8 0 747 120
835 186 301 481 285 513 302 478 356 97 174
836 110 0 8 120 49 125 221 284 99 254
837 49 0 221 173 126 293 257 78 171 120
838 8 12 292 254 14 99 124 0 274 123
840 312 257 327 326 293 268 750 244 301 325
841 301 257 285 749 339 326 299 345 689 346
843 173 293 203 171 27 95 287 78 172 81
844 681 287 304 257 339 326 285 332 306 299
848 180 49 0 293 70 116 117 68 194 150
849 49 97 422 194 182 193 434 356 482 0
851 116 0 287 221 293 120 257 747 14 236
852 332 312 321 288 303 309 306 681 689 342
854 169 513 13 212 268 602 285 241 284 191
855 299 747 287 327 293 285 244 268 288 332
856 285 288 268 318 287 241 300 303 747 244
857 257 287 299 293 312 244 332 747 327 301
858 92 236 120 814 124 283 273 409 125 149
859 268 257 287 314 241 301 318 267 327 339
860 285 136 318 581 69 267 380 268 241 115
864 0 180 14 49 221 741 99 256 236 257
865 285 268 302 267 257 288 300 339 312 291
866 55 99 126 171 203 88 190 0 131 356
868 236 120 254 124 8 275 0 475 257 470
871 293 124 120 299 677 256 180 116 221 14
872 287 285 268 312 327 747 288 301 332 244
873 285 268 49 274 257 99 318 136 8 267
874 317 55 99 602 178 285 126 186 197 22
875 99 11 55 49 13 285 474 97 602 514
876 49 288 293 172 55 312 99 180 173 287
878 120 49 180 124 470 117 404 741 116 24
883 285 13 284 136 318 288 241 123 282 267
884 65 203 392 691 93 201 215 68 738 214
887 284 530 274 275 123 318 8 305 24 99
890 8 274 120 12 275 180 0 99 150 221
892 6 120 117 221 180 287 99 124 256 741
894 120 236 0 99 14 221 257 126 293 256
897 257 268 301 312 267 293 332 288 327 326
899 49 99 6 180 514 126 116 275 221 0
900 49 120 221 0 203 150 116 194 317 209
901 285 287 99 126 747 268 288 0 6 321
902 6 474 10 49 116 409 11 128 155 627
903 236 110 274 69 87 24 14 380 268 285
904 287 293 49 99 180 747 285 120 0 116
905 8 0 49 507 123 126 180 285 236 274
906 0 110 275 236 14 8 120 49 844 150
907 173 182 473 602 171 479 49 174 233 88
908 268 318 241 284 320 136 301 302 305 257
909 49 180 0 6 293 257 126 275 285 120
910 49 180 172 171 194 7 431 132 479 135
911 97 173 356 513 133 186 478 602 473 477
913 69 380 731 65 48 93 738 274 236 24
914 257 285 747 268 288 244 321 293 322 300
916 99 14 8 236 0 274 120 110 150 180
917 85 196 477 482 508 190 461 317 653 478
919 287 312 257 747 293 332 894 306 326 325
920 404 120 49 150 117 236 221 116 110 596
921 180 203 81 120 72 422 95 27 229 87
922 293 257 120 49 299 747 117 596 221 0
923 49 99 514 180 275 221 21 507 317 8
924 287 257 293 299 747 327 357 312 270 321
925 257 268 312 301 293 327 267 747 326 300
926 120 404 110 180 116 24 0 117 150 470
927 257 287 49 299 99 293 267 268 301 180
928 97 49 602 55 356 171 172 180 167 63
929 0 49 180 236 99 221 14 293 116 257
930 285 299 288 320 293 300 318 747 312 987
934 14 124 0 116 117 49 24 180 404 221
935 285 275 12 6 257 292 123 99 247 318
936 285 318 268 115 13 99 320 123 275 288
937 120 117 116 236 49 293 596 287 0 741
938 124 596 747 117 293 755 925 677 410 299
939 285 49 257 312 268 356 126 99 190 317
940 49 99 293 287 221 120 126 249 275 0
941 299 173 293 257 285 271 602 356 198 317
942 49 78 402 55 120 232 173 221 229 567
