2 312 747 285 300 268 689 288 309 681 258
3 312 332 747 285 268 300 301 325 689 306
8 268 257 301 312 299 302 300 288 318 271
11 180 68 172 209 422 55 69 63 0 21
16 49 275 257 126 274 180 123 287 13 120
18 285 268 99 49 299 300 293 288 301 274
19 49 116 221 14 236 124 70 203 24 256
26 6 116 275 236 0 180 221 257 272 256
28 257 312 332 287 327 326 300 689 288 271
29 299 287 327 747 332 244 268 322 325 306
30 268 285 257 312 689 241 300 304 332 326
31 49 0 236 120 180 14 257 24 124 126
32 299 747 287 325 689 331 326 300 258 321
33 332 299 312 257 327 747 325 287 300 306
34 312 287 322 293 306 244 689 300 288 309
35 312 299 257 327 689 326 325 300 301 322
36 180 120 183 232 225 226 228 471 293 143
38 285 327 689 301 288 287 326 339 267 244
39 312 300 689 301 326 288 747 287 306 325
40 482 49 513 171 190 602 196 172 63 478
44 124 116 404 470 221 1027 545 273 1046 814
45 257 300 268 285 288 301 325 271 309 322
46 299 312 318 332 689 327 241 293 747 271
49 6 128 92 149 236 12 292 13 120 272
50 173 97 182 55 175 194 184 203 422 233
52 116 0 236 124 221 404 14 741 596 470
54 0 221 6 545 741 236 150 124 99 293
60 312 287 325 244 306 300 258 288 321 331
65 99 275 124 221 256 117 24 8 110 150
66 117 116 14 236 741 596 470 762 1046 410
67 0 14 99 221 150 256 273 283 293 475
70 99 257 268 126 317 293 0 97 299 274
73 285 268 299 49 288 318 747 241 126 474
77 257 299 285 747 312 327 244 14 49 332
79 285 257 317 301 190 173 312 602 97 196
85 332 300 312 747 689 306 301 325 244 293
87 268 332 257 327 326 302 288 271 339 306
92 236 24 110 116 117 49 470 741 404 273
97 285 268 49 482 190 317 196 274 356 193
102 0 236 99 14 257 6 150 287 24 124
104 299 327 293 300 288 325 244 321 322 309
106 327 293 300 747 288 689 244 306 271 318
107 275 8 14 116 474 24 150 110 507 256
110 689 299 318 288 267 326 305 346 749 287
111 689 287 325 339 314 267 331 269 270 318
112 299 747 332 301 268 312 300 474 275 306
113 173 193 513 171 479 602 434 478 134 184
119 49 180 293 287 221 117 99 6 299 747
122 268 317 257 136 190 180 356 282 123 115
123 55 99 180 182 175 126 184 233 88 11
125 747 306 300 268 309 258 330 342 688 270
126 312 327 322 677 180 258 244 332 750 325
128 300 332 689 327 288 339 318 304 314 346
130 115 12 282 236 474 318 507 14 49 149
131 99 474 275 13 115 6 8 12 128 149
132 332 300 747 287 689 288 301 326 306 325
133 287 49 288 180 244 332 321 236 99 221
135 284 318 49 241 257 12 267 301 220 507
136 293 287 257 124 677 322 741 244 312 6
137 49 173 190 478 126 180 479 477 426 196
138 268 257 318 300 332 339 304 689 305 326
139 299 287 312 332 327 747 268 326 306 689
141 257 49 285 299 312 268 99 747 327 126
142 299 747 268 300 689 288 244 301 326 309
145 332 689 285 747 287 325 288 302 749 267
146 302 285 301 305 271 241 332 299 326 288
148 332 689 287 306 288 747 314 346 749 293
149 236 14 110 257 24 116 6 293 8 285
152 312 285 299 268 287 327 332 301 747 288
153 99 268 126 97 55 180 293 312 299 267
154 257 299 312 332 268 300 288 301 689 306
155 97 173 55 49 99 602 482 473 126 184
156 236 120 14 8 6 124 180 474 741 256
161 99 474 404 272 275 126 117 545 55 256
162 312 293 327 288 301 332 267 747 339 49
164 49 293 299 99 285 312 97 55 747 0
165 332 325 244 306 258 677 300 288 689 309
168 312 285 268 293 327 332 271 288 287 747
169 299 747 312 306 331 288 300 689 309 326
170 300 299 332 327 318 271 288 241 346 749
171 478 473 169 190 479 356 193 653 196 483
172 257 312 332 287 747 306 244 339 309 271
174 173 97 180 317 356 203 190 193 172 167
178 312 327 747 326 325 322 244 331 293 288
181 275 14 126 274 6 150 8 24 116 474
182 402 549 160 232 384 194 230 81 567 565
184 99 13 136 282 123 0 12 474 318 241
190 257 332 689 326 288 302 267 747 346 293
191 236 13 8 274 284 12 474 123 14 282
195 274 13 282 236 275 8 136 99 318 14
198 287 299 747 288 300 49 332 236 318 301
201 97 173 602 482 49 513 478 184 99 473
202 299 747 312 327 244 677 285 332 120 288
203 268 312 318 288 689 327 332 305 271 304
204 287 293 322 244 306 300 689 326 301 331
207 691 190 735 68 659 731 214 172 482 422
208 301 299 312 689 302 318 288 267 339 327
210 257 293 312 747 49 287 327 322 321 332
211 169 513 602 478 212 482 97 301 136 133
217 97 173 184 473 233 178 88 171 186 181
218 285 301 300 312 339 318 299 267 271 288
219 312 301 327 326 689 747 306 325 244 271
224 173 482 198 660 434 204 356 495 478 190
225 99 49 180 126 0 275 474 236 120 116
227 268 257 299 300 332 301 327 288 339 302
228 300 332 689 326 288 304 306 267 318 305
230 236 14 124 116 117 24 110 221 741 256
236 479 193 483 317 510 477 653 55 134 49
237 14 236 0 116 741 596 24 221 1046 1027
239 257 327 332 293 325 689 322 326 285 309
240 257 332 327 747 300 326 325 268 285 244
241 285 257 268 300 288 299 318 241 320 689
244 120 14 0 124 236 117 116 404 24 741
246 285 274 257 99 13 236 318 288 282 284
251 236 123 12 284 49 507 120 149 257 136
257 299 244 325 300 306 258 268 321 677 326
258 49 99 6 0 55 257 221 126 173 78
259 327 689 306 326 300 322 331 301 330 244
260 299 257 312 327 332 322 306 677 331 689
264 120 0 24 293 275 221 404 596 8 254
265 257 268 99 288 299 300 49 301 241 293
271 184 175 602 99 186 88 317 179 180 181
272 268 285 301 300 257 305 299 241 288 267
277 301 299 332 327 326 339 271 689 267 288
280 299 312 327 747 306 244 285 268 326 258
281 312 327 747 300 285 325 244 689 322 288
282 120 0 236 14 24 110 117 180 404 116
283 326 287 314 241 293 325 244 320 291 270
284 49 180 285 293 126 97 173 0 55 6
288 116 117 236 180 49 596 545 256 24 110
299 747 332 322 325 257 312 677 244 306 331
301 299 312 332 287 325 689 258 677 331 326
303 257 747 244 332 322 288 300 325 268 689
305 236 275 284 8 14 123 0 254 474 125
308 312 327 268 300 747 287 288 301 306 293
309 285 236 275 8 14 284 288 268 299 99
316 257 332 293 306 326 331 258 689 681 342
318 257 299 327 287 747 293 325 689 326 322
321 99 285 97 55 173 268 474 180 123 473
332 285 257 312 49 288 327 300 180 271 287
334 293 300 285 325 689 326 301 288 309 331
336 0 293 116 257 404 299 236 117 287 173
339 68 96 495 193 209 190 131 482 132 98
340 332 299 257 747 327 312 325 322 306 331
348 0 6 116 24 49 110 741 12 150 404
349 99 55 126 602 356 317 473 513 233 179
350 332 257 689 268 301 293 271 330 258 681
351 184 173 199 183 52 10 217 218 186 442
352 312 287 747 268 293 689 301 306 288 322
354 332 312 689 325 257 326 747 300 331 330
355 689 300 268 326 288 301 287 244 322 331
357 169 513 302 305 602 516 241 478 85 268
358 287 257 293 299 49 99 677 332 327 221
361 325 306 300 689 326 285 268 288 309 258
363 257 299 312 327 332 747 300 244 322 325
365 4 182 664 175 155 88 95 22 186 473
367 184 199 442 664 175 163 323 155 173 186
368 257 312 299 287 332 327 285 747 293 268
370 55 171 175 194 88 203 95 167 172 186
374 52 183 218 55 447 435 97 664 16 200
375 99 49 285 126 275 257 136 474 123 284
376 293 299 49 332 327 285 180 173 301 326
381 123 128 284 918 12 115 92 272 514 285
383 257 287 293 322 325 244 306 300 689 258
385 180 0 287 293 236 124 741 256 99 257
387 293 747 285 244 321 326 49 288 270 357
389 268 300 241 267 13 320 284 293 287 312
394 221 116 293 404 117 257 24 124 203 68
395 293 257 747 322 117 180 49 256 312 325
399 312 332 288 244 301 325 326 321 309 267
402 236 0 49 14 124 741 404 24 281 293
403 287 325 300 285 321 314 750 270 681 346
407 332 300 268 689 325 306 288 244 322 309
409 332 300 301 287 326 306 271 293 244 325
410 173 97 203 172 422 78 68 175 182 63
411 49 97 257 180 99 285 126 293 312 182
412 287 293 312 747 99 267 318 275 320 236
413 285 312 268 327 49 332 288 267 244 180
414 602 513 97 173 285 483 473 481 510 660
417 689 747 306 271 325 293 285 244 288 322
418 482 478 479 602 193 356 660 473 483 481
419 285 268 241 284 302 267 339 305 257 320
423 257 299 312 747 327 268 244 300 321 677
426 332 312 747 325 689 287 306 322 300 293
427 332 257 327 268 326 747 287 309 244 681
430 257 312 287 327 332 325 300 288 309 677
432 257 299 287 312 300 327 288 326 318 306
433 0 116 741 24 404 596 281 283 1046 275
437 124 110 24 275 274 116 741 150 221 273
438 257 285 268 293 747 332 301 267 288 312
439 268 300 301 285 302 332 257 326 304 305
440 257 299 49 747 285 180 327 288 244 322
442 299 287 327 301 300 689 306 325 288 244
443 287 293 332 300 301 288 267 689 326 339
445 312 299 332 257 288 309 271 339 322 749
447 689 312 299 327 271 305 288 241 346 314
460 285 299 300 288 287 327 267 332 689 339
461 257 293 747 327 332 244 285 321 306 300
463 312 49 99 244 267 126 322 689 326 309
466 120 236 180 507 8 128 285 221 293 12
468 513 169 478 477 660 479 481 190 356 196
469 13 123 236 274 115 14 120 110 241 24
470 117 70 124 14 120 180 404 20 755 221
472 474 99 285 284 268 257 149 12 92 220
474 268 299 293 300 287 288 327 747 301 332
476 110 65 273 124 120 475 274 470 691 0
480 173 193 190 482 68 422 356 495 171 167
481 257 299 293 312 332 285 322 325 306 321
482 173 99 126 257 171 293 97 190 203 482
484 299 257 332 689 301 326 271 309 314 339
489 275 120 12 507 13 128 274 24 284 110
490 13 275 136 241 274 268 8 12 220 282
491 49 97 169 190 602 356 473 173 196 179
493 126 257 274 275 268 299 317 13 282 482
501 327 747 322 325 306 244 331 689 321 681
506 257 293 325 306 258 321 331 300 288 326
508 293 312 747 327 332 322 285 244 677 180
509 747 327 325 306 331 681 689 326 309 342
510 257 747 327 325 306 322 326 331 244 689
511 287 97 293 173 299 99 332 126 180 184
512 293 287 120 257 0 747 299 256 677 6
514 332 325 300 326 331 244 258 688 330 271
515 173 317 99 0 97 482 171 356 126 68
516 293 287 747 312 327 285 244 288 322 300
518 325 689 306 681 330 688 299 322 342 894
519 257 312 327 287 747 300 332 244 322 321
521 97 173 55 49 184 473 182 602 482 356
524 49 116 180 257 293 6 221 741 8 470
527 171 97 182 175 194 21 312 356 299 78
528 299 332 312 747 300 288 306 301 689 267
529 180 285 0 317 257 236 126 172 68 293
530 312 332 327 257 325 306 293 300 309 681
538 69 190 513 317 13 99 212 85 581 282
539 236 120 275 116 287 24 126 274 150 404
543 299 332 747 300 244 689 306 288 268 326
545 332 747 299 327 322 677 325 326 357 244
546 268 299 285 287 689 293 271 747 267 326
548 116 124 14 404 221 741 150 596 24 470
549 257 677 116 117 244 596 741 14 256 325
554 99 0 236 285 293 14 275 126 221 274
555 285 268 257 97 173 301 312 49 513 482
556 257 285 301 312 332 747 300 327 339 306
557 284 275 474 136 12 220 8 99 241 236
562 120 93 87 0 404 65 392 70 14 450
563 257 287 747 293 327 325 677 306 258 331
564 13 284 115 136 581 85 274 735 282 513
569 312 299 268 332 327 293 326 306 271 267
570 513 482 478 477 479 169 473 660 481 602
571 236 274 275 284 285 99 282 14 115 474
572 99 180 0 317 236 97 482 356 190 221
573 312 285 300 327 304 267 306 305 749 747
574 257 173 287 299 312 285 171 55 99 182
575 0 285 257 99 299 120 287 268 126 221
577 299 747 312 327 332 325 306 321 258 270
579 287 116 677 244 327 312 117 256 236 332
580 13 123 115 136 12 285 128 149 236 507
581 116 0 117 741 99 293 545 275 146 281
582 97 55 173 184 602 178 473 99 513 171
583 49 180 293 173 299 287 209 0 194 120
588 327 747 325 244 689 268 331 309 301 342
589 123 282 0 136 49 110 120 24 507 6
593 99 268 257 274 284 275 126 123 8 136
595 285 99 747 268 288 49 236 267 300 332
596 257 236 287 747 285 120 116 124 99 256
597 299 332 327 300 747 287 306 325 326 285
598 124 14 741 279 120 24 863 1046 283 596
601 257 299 287 312 327 322 332 244 325 321
602 55 49 97 194 209 95 78 227 88 81
603 97 435 218 287 49 175 446 173 180 52
606 284 13 169 115 513 285 282 268 581 508
608 299 312 332 327 747 322 325 306 244 689
610 257 326 301 327 689 747 325 271 331 270
611 124 120 49 180 221 150 24 470 110 256
612 236 274 285 99 14 8 180 275 282 13
613 236 120 14 124 110 117 741 150 49 6
615 293 306 244 689 300 326 258 331 309 301
622 99 173 317 190 0 513 356 97 196 426
625 299 268 244 301 325 300 321 326 306 270
627 312 327 285 268 300 747 288 244 306 326
630 257 332 299 327 689 287 268 326 747 301
632 49 180 99 257 173 6 11 126 95 184
634 257 287 285 312 332 288 244 301 321 49
635 236 275 14 49 24 110 13 12 284 285
640 268 285 602 169 478 482 301 481 305 339
643 287 677 244 124 312 0 285 117 221 14
645 327 332 747 287 325 322 293 244 306 300
646 180 49 0 293 117 124 287 257 299 150
648 236 124 117 741 404 221 256 24 596 150
650 268 257 299 300 288 318 301 312 287 339
651 257 312 747 327 325 677 321 288 309 331
655 312 257 689 299 332 339 327 288 304 267
656 99 257 6 287 49 275 236 120 126 116
661 13 123 115 220 474 136 8 282 236 99
666 285 49 257 513 99 173 190 482 196 301
667 312 747 300 244 314 301 689 326 325 321
669 482 193 434 513 477 495 356 135 660 426
671 236 0 120 124 275 110 8 116 99 741
672 301 312 318 339 288 305 689 332 99 320
673 257 747 327 180 236 332 321 258 325 285
674 268 241 689 301 339 318 300 271 749 267
676 257 287 293 49 116 180 120 99 256 312
677 120 99 8 124 116 150 12 221 470 13
678 257 97 171 172 209 299 99 312 21 78
679 49 0 180 236 126 6 257 221 293 274
680 312 332 299 300 747 325 306 268 326 322
684 257 312 332 299 300 327 287 689 267 747
686 257 327 332 293 285 300 288 268 322 325
687 299 312 332 327 257 747 322 689 293 244
688 180 257 0 293 287 116 99 236 126 741
690 173 182 473 233 175 186 478 171 482 483
691 236 14 0 120 124 110 49 116 180 150
694 257 332 268 327 301 689 326 285 747 339
695 268 299 257 285 689 300 332 327 271 302
699 97 99 55 171 126 0 203 356 63 190
700 285 257 268 300 293 287 301 318 747 267
701 327 332 322 325 244 677 270 306 750 331
702 285 99 120 312 288 14 244 126 327 124
705 299 747 312 285 327 322 677 116 288 321
712 689 332 327 299 300 271 257 304 302 325
713 117 124 221 741 545 256 293 24 287 410
717 116 124 236 596 0 293 287 256 747 180
718 0 14 180 110 24 274 99 150 221 275
719 689 300 299 327 326 302 339 304 306 271
721 257 49 287 293 0 120 285 116 180 275
722 285 268 49 299 312 293 287 99 301 180
724 287 293 268 288 49 747 312 267 275 236
725 747 293 287 299 257 244 327 677 332 312
727 274 110 282 13 273 12 279 735 275 254
728 257 322 325 244 258 306 300 331 309 288
729 287 293 285 312 288 332 244 0 267 322
731 257 268 312 300 332 327 301 747 287 326
733 49 180 0 99 482 126 356 193 68 63
734 236 49 274 120 287 14 13 293 12 110
735 236 275 99 8 0 120 14 474 116 274
736 49 99 97 180 55 173 6 0 171 78
738 312 271 299 257 327 689 268 173 309 301
739 257 312 300 332 689 244 326 306 267 271
741 120 293 275 126 287 256 285 8 24 150
742 285 257 312 318 332 241 327 339 747 689
743 99 285 257 268 97 180 123 513 173 317
744 49 126 356 602 317 513 478 55 171 473
745 173 97 194 209 175 227 21 120 172 167
749 257 332 312 325 306 322 689 288 326 301
751 332 268 327 302 314 749 267 331 244 330
752 97 257 602 317 171 126 312 268 55 513
753 257 299 293 287 747 244 285 322 288 312
754 257 312 332 285 327 300 306 325 322 267
758 293 747 287 285 312 288 244 322 300 332
759 120 0 14 236 117 150 70 110 24 87
760 120 116 124 117 741 256 99 404 6 747
761 285 268 318 300 257 241 267 288 302 13
764 99 275 474 123 8 115 12 282 0 6
766 513 478 602 479 473 483 481 660 356 173
767 236 14 124 180 275 99 221 8 293 254
768 236 124 116 0 741 117 24 470 596 221
769 293 285 99 236 275 120 116 8 256 332
770 285 299 268 49 287 300 327 747 99 271
771 257 327 332 293 747 285 268 300 288 244
774 312 332 327 300 287 747 293 288 244 325
776 49 180 236 120 221 150 275 6 173 24
777 180 49 95 402 209 171 175 21 384 227
778 0 120 49 236 117 116 124 404 150 24
779 173 49 55 257 482 180 172 268 190 312
780 49 293 299 312 268 97 55 171 327 301
782 312 747 325 322 326 293 331 244 681 689
783 299 747 287 300 293 689 288 244 301 326
784 257 312 293 299 49 285 97 173 55 327
786 312 327 300 747 326 271 285 287 288 314
788 99 275 6 236 120 123 116 12 149 128
790 257 293 312 747 332 322 301 306 325 689
791 236 116 124 117 14 741 404 24 283 221
792 6 116 474 236 99 741 117 0 124 545
793 99 275 257 13 123 8 284 236 6 136
796 257 293 287 312 332 322 244 325 288 677
798 268 312 299 301 293 287 99 300 339 332
799 49 99 180 6 0 257 287 120 116 236
800 257 312 747 322 244 677 321 331 288 689
801 287 332 312 747 357 327 681 270 306 323
802 257 299 312 300 332 327 301 288 287 293
807 257 327 747 268 300 689 326 288 306 325
808 299 287 293 332 268 244 300 322 321 49
809 257 327 747 689 288 306 244 301 322 326
810 287 312 327 332 244 677 321 325 49 258
811 299 257 312 332 322 306 689 258 321 300
812 299 312 327 747 257 332 322 325 287 244
813 435 446 183 200 97 4 182 233 216 163
815 299 332 747 327 322 244 306 677 326 321
816 287 116 293 120 99 49 180 221 299 256
817 257 268 312 332 300 287 288 293 326 747
818 268 257 285 312 300 327 288 287 332 689
819 257 299 293 327 332 244 285 322 49 677
820 49 236 150 24 221 110 124 275 470 126
821 293 287 747 299 257 322 677 327 312 244
823 257 299 312 332 327 747 268 300 689 244
826 299 327 332 287 268 747 285 293 288 326
828 284 136 115 285 282 474 268 275 220 581
830 293 312 285 288 321 268 677 300 236 120
831 299 287 747 312 677 332 288 258 49 0
833 285 236 0 275 180 299 8 120 288 14
835 285 301 513 97 478 339 482 302 173 356
836 0 110 120 124 8 49 254 99 470 125
837 49 257 287 126 0 293 97 120 173 221
838 99 14 0 8 116 12 6 24 124 274
840 257 312 327 293 325 244 300 689 326 288
841 257 299 332 327 300 301 689 285 326 271
843 312 293 285 287 173 268 97 171 327 172
844 332 326 300 327 304 306 299 302 339 325
848 180 49 0 116 221 117 194 209 404 422
849 68 422 49 0 87 495 434 193 142 190
851 116 120 0 293 287 221 257 124 236 747
852 312 332 306 689 321 288 309 681 268 342
854 169 13 284 268 212 115 136 285 513 581
855 299 327 747 332 293 287 244 300 288 285
856 285 287 268 288 312 300 747 332 327 301
857 257 287 299 312 293 332 747 327 300 301
858 236 120 124 814 273 475 12 274 755 0
859 268 327 257 314 318 339 301 267 305 749
860 268 285 318 69 284 380 115 136 581 282
864 49 0 180 99 236 221 117 404 287 741
865 268 285 257 300 312 288 267 339 689 327
866 55 171 99 126 88 172 233 184 203 0
868 236 124 0 120 275 110 8 274 24 257
871 293 299 124 116 120 677 244 14 312 256
872 312 285 287 332 268 327 300 747 301 288
873 99 285 49 274 268 284 136 8 126 236
874 55 602 285 99 317 186 179 178 174 356
875 285 99 257 268 49 301 126 267 287 318
876 301 300 312 267 318 288 302 271 287 293
878 120 124 116 117 24 741 110 470 404 49
883 285 13 284 318 136 282 241 267 275 123
884 65 93 392 691 203 68 201 14 422 738
887 13 284 274 115 282 275 123 8 99 236
890 275 120 0 274 110 8 99 12 124 150
892 120 117 741 545 180 6 596 221 124 49
894 257 99 236 0 285 293 120 275 287 116
897 257 268 312 300 301 332 288 327 293 267
899 99 49 6 0 275 236 180 116 126 221
900 49 0 203 120 422 209 68 221 14 117
901 285 99 0 236 126 287 312 268 288 221
902 49 6 126 474 120 173 233 11 116 199
903 87 69 691 236 14 110 24 274 731 48
904 49 287 99 293 236 0 120 180 116 285
905 236 49 0 8 274 180 12 123 24 126
906 236 14 120 0 110 24 275 741 116 49
907 173 99 49 602 473 182 482 126 233 513
908 268 318 241 301 302 284 305 267 339 300
909 257 49 293 299 285 180 747 312 126 0
910 171 193 49 131 68 190 180 317 132 426
911 173 513 190 356 97 434 479 478 473 426
913 65 48 69 380 731 85 659 274 791 738
914 257 747 293 300 285 268 288 689 244 325
916 236 14 0 120 99 274 8 110 12 116
917 85 516 284 735 528 508 196 13 482 478
919 332 312 326 257 325 287 747 689 306 300
920 120 236 117 116 293 49 404 741 221 110
921 203 422 87 68 392 180 120 81 194 96
922 257 293 747 299 120 677 322 49 117 0
923 49 236 99 14 275 274 180 8 24 110
924 287 257 299 312 747 293 327 325 326 306
925 257 268 312 293 300 301 332 327 267 747
926 120 117 0 404 116 741 150 180 24 755
927 257 299 287 312 293 747 327 285 322 325
928 97 55 182 49 175 99 171 233 180 126
929 49 0 236 180 99 257 293 116 14 221
930 299 285 312 300 288 327 293 747 332 287
934 14 0 124 116 117 24 49 404 110 221
935 275 99 123 236 6 12 285 149 257 292
936 285 99 275 13 236 268 123 49 257 474
937 120 116 236 117 0 741 404 596 221 49
938 124 117 596 14 755 741 116 236 925 470
939 257 312 293 285 327 287 268 747 332 300
940 49 287 99 293 0 120 126 299 747 285
941 299 257 285 293 327 288 747 332 287 321
942 120 549 402 232 545 67 384 230 228 52
