2 681 677 339 885 345 291 312 894 688 288 689 747 872 309 880 268 357 874 300 871
3 747 312 681 271 321 749 325 878 285 332 306 322 677 342 331 301 173 180 309 288
8 126 196 99 301 193 268 97 257 513 318 22 434 516 184 210 299 55 300 302 215
11 68 78 236 55 172 99 257 285 274 11 69 196 233 180 152 293 21 287 422 209
16 24 120 247 49 146 128 123 254 234 239 92 13 180 126 249 221 256 245 117 14
18 97 215 268 172 55 99 126 299 167 196 173 180 285 49 293 237 203 185 171 88
19 116 203 70 49 21 27 194 99 131 221 317 14 195 7 81 124 96 78 236 98
26 272 275 293 281 221 124 116 6 236 545 404 257 146 249 290 0 126 122 256 321
28 270 126 326 49 271 345 186 886 257 339 602 327 288 332 55 174 173 99 330 180
29 299 126 268 322 209 327 271 0 747 55 196 194 270 99 269 249 325 221 175 21
30 602 268 481 22 345 656 479 285 99 603 133 271 304 49 126 326 886 184 873 315
31 49 272 299 251 254 120 124 596 0 285 257 180 410 24 545 281 677 292 236 14
32 331 747 325 688 326 689 330 298 258 299 321 287 348 341 271 687 242 748 346 300
33 307 304 326 881 268 325 681 305 994 302 872 300 879 748 936 338 873 682 886 343
34 322 298 872 681 987 306 329 748 682 287 688 293 330 689 342 312 288 686 259 300
35 331 326 298 880 307 325 748 689 682 322 342 879 304 688 329 348 258 300 875 677
36 180 225 232 120 1015 454 567 183 143 747 257 1 430 187 249 759 293 227 32 471
38 304 310 311 881 689 307 325 749 343 901 315 302 897 301 353 309 994 348 339 750
39 300 331 326 689 312 325 681 314 901 322 298 872 307 343 747 301 345 338 306 682
40 196 49 190 203 171 172 182 88 63 209 185 126 207 11 21 78 233 186 181 134
44 404 1046 1027 273 234 124 116 409 411 239 863 545 122 455 221 121 814 125 23 146
45 301 257 270 116 268 321 236 324 0 288 123 271 256 309 322 267 325 300 285 269
46 304 299 325 312 332 689 269 318 241 311 293 314 307 309 271 327 747 346 331 258
49 128 6 92 272 257 740 284 918 220 120 292 236 1016 457 288 843 301 149 332 627
50 78 126 142 21 27 88 68 173 96 97 81 70 152 0 167 134 174 99 95 55
52 221 404 116 596 251 0 684 514 471 124 175 470 194 126 78 293 297 234 143 171
54 99 97 209 0 175 126 23 236 11 182 221 6 227 95 233 203 249 194 173 171
60 312 258 325 878 269 306 307 300 688 682 314 331 342 749 681 271 343 321 537 287
65 124 275 299 110 256 590 99 150 254 272 24 221 684 545 747 292 249 117 146 273
66 410 925 409 1046 762 455 1027 596 825 116 368 819 110 117 1058 283 927 741 108 684
67 272 273 590 221 99 747 256 545 0 299 283 150 475 293 14 125 288 282 234 292
70 136 268 190 99 482 6 257 514 11 126 97 237 236 208 169 171 179 21 274 123
73 268 285 288 49 299 474 321 326 245 747 324 309 13 320 0 269 92 126 675 272
77 99 257 110 747 410 124 245 844 285 116 267 247 49 275 814 13 299 292 14 0
79 285 196 55 126 173 190 356 179 133 526 215 317 11 69 63 186 97 299 195 171
85 331 307 304 994 681 689 298 881 305 748 936 325 302 300 872 873 291 339 338 267
87 343 268 881 304 271 901 994 346 331 348 302 325 311 681 305 872 326 682 339 904
92 273 125 472 99 12 741 117 762 404 409 24 236 110 116 755 279 863 410 283 224
97 196 203 193 207 215 285 268 318 126 237 152 185 190 99 662 49 708 201 13 356
102 236 257 99 0 173 150 24 110 514 273 283 78 6 482 285 274 14 193 190 194
104 298 309 327 345 304 331 299 749 322 324 346 302 677 330 681 300 750 325 314 293
106 269 306 342 271 309 345 302 689 327 330 346 300 677 288 681 325 747 331 314 293
107 275 116 150 257 256 285 282 14 117 8 24 115 472 299 110 125 249 743 247 234
110 881 345 346 749 307 305 901 689 311 269 326 267 344 309 315 899 681 291 331 299
111 325 331 689 339 304 343 901 298 314 879 881 310 872 307 904 291 681 267 897 269
112 301 747 275 332 474 128 13 871 333 457 299 284 292 297 716 330 983 136 243 220
113 479 173 186 510 134 22 133 602 171 208 184 193 191 187 169 434 518 204 509 237
119 99 117 234 110 180 254 125 273 23 239 49 146 122 249 272 150 274 247 221 6
122 190 477 169 193 317 602 356 268 495 133 136 85 68 173 526 236 7 198 132 581
123 180 88 55 209 175 182 174 185 227 203 21 155 54 181 152 134 11 68 81 186
125 298 307 872 682 338 300 748 304 268 258 688 348 346 880 879 330 747 302 881 342
126 180 750 677 312 173 327 357 55 21 322 175 269 258 0 116 256 271 97 249 259
128 305 300 689 307 311 304 309 325 339 314 901 749 343 346 331 332 748 936 344 886
130 282 12 115 236 300 24 49 256 110 257 302 14 320 846 507 254 92 19 283 474
131 513 474 97 22 237 12 99 196 180 482 133 473 13 6 128 167 203 115 31 208
132 747 326 689 300 301 878 332 677 339 343 270 322 306 258 346 325 269 311 310 302
133 55 126 180 110 97 120 21 242 99 124 24 49 221 8 236 116 244 173 150 6
135 11 49 301 284 12 0 6 220 272 180 257 173 19 221 247 256 97 530 190 120
136 251 257 293 126 297 322 124 677 454 6 99 21 327 287 258 741 78 514 270 312
137 477 478 190 426 274 503 126 152 22 167 479 49 134 653 203 196 133 285 215 185
138 123 13 257 332 284 220 268 474 12 128 272 8 288 300 275 747 743 136 321 292
139 269 271 322 326 99 325 306 332 258 309 287 299 327 268 330 320 339 312 302 291
141 49 342 747 0 167 474 99 267 171 257 268 55 221 312 108 172 270 116 750 299
142 331 299 300 301 689 878 326 747 677 268 269 298 291 267 270 302 342 339 242 288
145 343 901 304 307 881 348 681 298 689 994 302 904 325 1023 331 749 349 341 880 907
146 302 881 307 305 343 271 314 311 310 901 346 301 994 899 315 309 345 748 325 902
148 305 298 689 886 331 881 901 291 332 681 994 343 346 879 306 872 748 338 288 936
149 6 257 236 116 24 8 285 110 281 507 918 293 282 741 221 747 590 124 543 284
152 0 10 116 131 27 120 30 172 11 95 134 6 143 81 167 97 175 99 88 68
153 602 99 97 126 55 167 513 179 169 22 482 208 133 268 233 180 191 182 178 171
154 677 312 288 257 332 321 300 299 689 306 258 242 244 298 329 269 301 271 339 309
155 22 126 181 190 133 301 517 173 466 55 653 49 99 222 68 171 97 426 285 510
156 256 925 247 120 257 741 236 234 1015 844 150 12 221 274 23 6 1046 814 545 283
161 409 99 404 272 474 55 23 545 185 1015 234 126 95 194 239 171 256 454 175 167
162 99 167 173 134 21 152 49 181 11 133 69 126 179 78 180 172 184 171 131 68
164 49 99 172 293 0 299 270 97 55 171 747 677 357 95 116 6 267 21 131 312
165 258 270 878 681 306 300 688 677 331 332 325 288 309 326 269 271 49 337 330 268
168 184 271 193 293 204 312 182 196 285 268 434 21 519 510 660 677 190 97 194 356
169 747 331 242 681 299 688 326 329 306 342 330 988 878 872 328 689 312 324 687 682
170 300 901 271 332 346 749 344 325 899 311 310 306 241 299 881 327 994 320 747 315
171 503 480 466 478 498 788 660 181 47 237 520 496 529 653 191 356 506 75 704 495
172 332 257 306 339 307 309 872 886 987 747 242 324 874 312 329 287 748 244 338 885
174 97 173 68 199 78 356 156 203 317 143 116 422 152 202 264 193 281 293 181 172
178 343 312 346 348 897 311 351 881 310 354 341 688 349 899 878 325 307 1175 1104 905
181 24 150 14 426 124 275 283 117 116 8 317 126 203 281 404 274 6 7 409 273
182 565 553 37 78 384 49 683 160 549 117 182 81 116 96 232 97 684 514 126 738
184 99 190 530 581 68 13 602 136 237 11 12 173 708 631 526 97 630 528 356 318
190 689 343 346 901 302 345 326 309 332 304 257 325 305 353 311 747 881 310 267 897
191 13 236 284 285 747 12 110 287 404 136 282 267 293 274 247 0 125 474 312 249
195 715 207 13 721 318 257 314 196 87 99 153 215 300 167 49 1159 41 708 731 1013
198 287 49 747 300 269 256 299 288 303 324 221 318 327 332 274 249 282 136 149 180
201 133 167 193 7 126 152 55 209 173 179 21 97 49 134 196 68 215 180 131 99
202 299 124 297 747 285 120 677 14 327 146 110 332 404 545 596 321 254 300 117 312
203 268 318 305 304 284 288 271 13 115 689 312 99 136 293 332 346 326 49 899 325
204 291 287 322 301 258 326 271 339 49 306 244 270 330 302 331 293 342 309 300 269
207 731 791 691 268 392 658 450 167 285 708 237 647 654 602 93 300 82 152 653 97
208 312 115 269 136 301 267 689 274 123 282 12 302 311 314 305 514 256 271 310 99
210 242 49 257 258 293 514 321 173 221 327 21 97 687 878 747 0 288 689 99 193
211 169 133 482 49 581 173 55 212 215 11 356 97 461 134 99 174 7 131 68 63
217 181 237 474 78 97 233 196 434 49 171 88 201 91 155 194 186 179 460 177 683
218 271 312 299 301 173 404 530 325 305 21 251 116 99 514 322 296 180 269 314 311
219 269 49 261 322 309 301 99 327 312 320 323 298 325 291 326 244 345 321 306 271
224 131 198 173 204 68 132 660 495 49 97 96 317 418 186 356 126 434 194 190 195
225 99 49 120 0 461 126 189 9 221 150 180 514 474 136 426 116 134 12 123 19
227 99 299 339 173 49 180 21 317 55 268 293 196 257 126 171 172 215 68 179 236
228 300 332 326 689 304 345 325 306 267 309 901 331 681 322 269 298 330 353 342 872
230 24 117 256 146 247 110 124 273 99 249 116 6 236 8 244 234 274 257 221 14
236 479 134 193 426 131 477 510 174 167 653 481 495 49 434 88 483 132 208 317 185
237 747 236 741 116 0 596 254 24 273 410 249 221 14 471 150 863 49 247 1046 125
239 688 681 331 325 689 343 341 322 354 326 298 349 332 307 258 901 677 330 749 346
240 298 332 326 343 348 325 346 901 271 341 354 330 322 878 880 904 300 307 304 747
241 99 285 287 284 300 275 257 332 288 312 747 13 675 321 268 299 301 689 8 741
244 124 117 404 224 110 0 120 293 116 256 925 14 24 99 475 471 236 242 741 273
246 99 68 82 7 116 172 21 180 136 167 24 13 97 126 173 55 190 171 78 14
251 49 92 284 136 12 220 123 287 150 272 120 115 236 282 257 149 110 24 18 9
257 300 299 681 677 325 878 688 258 321 537 315 306 341 268 682 749 346 307 338 342
258 55 49 99 257 6 215 126 236 507 317 10 654 173 275 267 24 747 0 110 68
259 348 307 331 343 298 338 748 901 688 904 689 360 872 682 354 341 326 907 304 350
260 327 257 322 312 677 299 878 332 297 256 331 306 741 872 750 688 236 357 342 49
264 677 120 275 321 293 404 0 410 273 146 126 596 254 242 8 545 221 288 285 24
265 18 99 268 92 12 49 136 287 110 126 115 6 220 8 275 257 288 241 0 14
271 181 191 194 186 179 167 63 185 602 317 178 208 68 134 187 88 133 99 27 175
272 268 301 305 311 881 300 343 749 345 325 267 994 307 332 309 353 269 902 897 886
277 49 271 749 99 126 750 173 339 299 301 270 269 327 302 180 306 309 193 55 315
280 682 677 747 258 299 312 688 326 872 748 338 242 298 342 687 878 327 306 875 348
281 285 298 677 689 312 681 269 300 331 345 747 327 749 271 346 330 325 49 288 259
282 0 110 180 24 1046 234 171 273 513 409 366 476 93 731 126 116 1027 14 417 120
283 901 325 314 307 326 311 881 310 315 322 897 298 879 872 330 994 291 270 748 342
284 55 173 327 180 97 474 0 293 171 270 602 6 677 339 747 285 126 49 22 179
288 283 410 819 224 117 863 596 1046 455 471 110 104 273 825 1027 755 545 234 116 249
299 747 257 405 677 596 116 410 925 297 322 741 124 762 870 249 1046 545 120 404 122
301 287 312 331 326 258 330 242 332 681 325 677 299 263 301 324 309 271 291 285 268
303 322 49 300 257 677 0 124 747 14 288 332 120 331 244 116 99 256 221 267 254
305 284 136 125 236 14 254 300 844 275 0 150 273 296 123 812 247 293 92 8 256
308 326 331 872 329 298 681 291 873 307 748 322 288 258 936 338 242 879 682 321 300
309 247 249 0 282 12 285 125 116 236 268 296 99 472 124 14 312 300 404 150 110
316 681 331 688 306 341 894 332 257 326 342 689 357 271 348 300 293 337 328 345 242
318 325 326 342 298 271 322 348 346 343 689 677 894 880 747 682 341 901 349 299 257
321 186 55 99 97 133 173 237 483 179 21 171 479 656 356 473 123 285 78 174 474
332 285 49 180 193 257 55 215 196 172 68 203 271 209 327 300 171 356 190 210 318
334 293 330 331 267 314 302 298 681 309 325 339 285 342 271 345 301 688 326 300 269
336 404 117 251 596 471 684 545 116 0 143 150 270 6 929 173 224 236 99 97 175
339 68 495 131 190 134 426 132 98 167 497 418 403 193 96 201 209 210 195 431 150
340 880 679 331 322 688 326 872 677 265 338 349 242 325 682 348 342 341 680 354 687
348 6 150 741 0 404 24 472 116 272 545 234 128 273 281 12 716 122 283 224 590
349 126 473 99 55 134 95 204 483 602 179 510 133 356 193 174 190 233 185 237 21
350 689 307 332 343 348 330 681 268 298 748 994 304 271 338 301 904 302 305 328 346
351 10 21 173 187 22 186 174 203 202 63 264 683 208 167 209 237 30 126 229 473
352 312 346 747 688 681 306 268 343 677 298 689 287 341 322 878 901 301 348 894 872
354 307 360 348 331 748 880 994 343 298 338 1023 872 304 882 682 689 907 1061 326 879
355 689 307 681 331 343 304 268 326 300 901 298 879 749 878 302 348 872 338 881 339
357 169 630 179 922 1193 133 646 190 191 639 206 165 427 164 59 663 610 706 614 1017
358 270 256 49 221 257 287 99 293 299 596 251 247 677 741 146 824 357 150 342 248
361 306 330 342 878 300 677 325 681 894 326 268 346 270 309 298 242 339 314 689 341
363 257 326 331 300 299 327 747 872 332 339 321 677 325 871 291 681 306 873 298 322
365 182 562 451 566 799 858 550 563 669 378 144 443 673 815 655 440 589 564 175 664
367 184 199 442 173 257 293 175 323 451 664 440 799 163 562 333 155 326 187 178 627
368 257 342 269 323 747 312 287 293 263 677 259 256 249 271 268 339 301 346 299 55
370 95 181 88 160 55 167 194 81 203 229 175 171 99 120 3 199 27 134 201 186
374 97 11 78 447 55 52 54 233 181 671 225 641 384 451 91 218 53 199 228 173
375 136 99 282 55 0 285 49 275 11 215 317 6 318 284 474 257 190 126 171 24
376 293 173 49 339 332 299 184 180 268 342 677 269 171 325 326 175 301 327 285 300
381 191 128 285 478 120 323 326 180 287 222 220 236 426 233 272 123 293 11 324 513
383 325 681 331 677 298 322 689 258 257 330 341 306 348 300 894 872 343 321 349 338
385 256 180 471 297 0 741 146 249 251 830 287 257 281 99 234 362 293 124 590 410
387 293 49 405 180 321 6 747 244 331 242 326 357 412 298 221 122 324 281 117 120
389 293 321 13 268 689 236 49 241 747 300 258 287 275 14 332 284 677 322 126 244
394 124 257 21 116 299 404 221 293 68 24 117 747 741 203 70 190 110 287 274 258
395 117 747 684 293 257 146 6 322 826 249 312 251 925 405 306 824 830 362 49 297
399 339 301 332 242 271 346 269 749 288 309 267 321 677 342 681 312 750 326 325 314
402 281 124 741 24 272 49 590 410 0 404 236 293 14 716 297 627 292 755 594 249
403 872 314 325 300 321 537 879 750 285 315 681 894 987 687 348 353 287 270 338 876
407 268 322 258 325 306 300 332 330 339 681 677 689 331 342 302 321 304 267 298 309
409 343 271 307 749 901 300 325 348 304 302 878 331 269 681 258 309 750 305 341 306
410 203 68 172 97 96 173 175 120 81 78 182 384 193 215 126 691 240 201 99 236
411 68 167 237 97 0 49 99 10 203 88 180 208 11 215 21 195 264 473 152 209
412 236 99 293 747 312 287 321 275 267 116 126 284 292 241 120 297 322 339 247 272
413 116 242 269 126 49 236 256 285 245 258 55 6 270 221 275 268 288 267 244 180
414 99 190 173 171 356 97 134 49 180 126 174 131 167 186 88 182 133 193 178 152
417 271 307 901 346 689 881 304 348 325 897 681 315 341 302 353 331 688 904 306 311
418 602 482 479 510 478 126 193 514 134 97 0 169 282 284 434 196 212 6 7 473
419 268 285 257 284 49 241 922 305 339 9 180 11 97 312 299 514 302 12 169 212
423 299 321 677 257 258 303 180 686 747 268 987 327 221 748 300 198 193 312 241 270
426 987 307 242 326 329 748 258 682 324 305 879 321 886 689 874 872 325 298 322 241
427 681 307 348 872 326 268 688 332 298 901 341 338 682 748 747 879 881 904 309 894
430 242 267 314 49 287 325 258 331 300 309 288 257 327 270 330 303 332 312 271 269
432 99 287 326 180 126 299 474 257 55 288 171 270 97 323 6 356 179 677 318 263
433 410 741 277 279 281 24 925 404 1046 122 596 472 1027 618 1047 0 411 116 594 275
437 221 281 299 126 12 257 124 410 110 125 116 273 275 24 404 150 741 293 274 6
438 49 149 0 24 267 123 257 293 741 116 110 285 332 8 150 740 507 221 312 301
439 305 268 342 285 269 346 747 257 267 994 310 300 258 336 324 881 901 302 331 335
440 110 117 236 99 242 249 150 257 126 244 146 124 221 49 251 180 268 256 254 247
442 49 55 287 180 21 288 171 306 221 269 97 173 299 126 301 258 321 271 267 99
443 300 749 301 269 339 310 221 689 314 878 293 236 302 311 332 0 322 256 325 126
445 936 307 288 299 332 339 304 322 872 257 881 321 309 298 748 271 312 330 258 874
447 881 345 305 994 346 311 271 310 873 307 689 314 902 1021 325 241 879 269 904 312
460 180 299 288 99 271 267 126 0 327 339 285 13 287 236 314 300 244 110 24 256
461 257 293 327 49 180 332 321 268 242 747 306 300 878 126 750 259 285 753 337 342
463 49 126 99 244 326 322 318 270 337 987 303 242 258 689 6 305 302 339 309 312
466 128 747 249 120 323 180 1066 221 285 293 236 507 404 324 281 301 150 332 409 345
468 479 169 603 190 527 173 509 518 660 196 434 478 206 134 186 204 504 614 131 182
469 123 13 1007 1016 301 272 740 236 235 115 324 150 9 921 320 276 120 110 675 288
470 70 624 180 62 422 418 945 431 754 209 472 171 142 172 471 203 583 27 201 495
472 220 474 284 92 285 99 323 18 1016 1007 12 257 324 149 918 287 252 243 296 235
474 78 120 152 110 21 97 0 171 11 68 55 13 116 8 167 24 172 136 6 14
476 65 273 277 110 1118 715 741 933 1047 219 1052 274 124 868 844 761 1060 865 69 120
480 193 167 210 482 190 285 68 171 126 55 207 293 0 201 185 153 356 257 134 82
481 257 116 299 180 249 301 258 306 271 285 99 259 254 267 303 269 309 293 270 236
482 514 257 190 189 426 131 1038 422 124 9 743 99 268 470 113 68 712 126 21 116
484 689 331 299 326 257 301 291 309 267 339 258 307 322 271 332 314 321 304 681 305
489 128 249 12 120 457 13 247 220 221 9 275 1141 293 287 284 712 282 747 743 324
490 301 275 320 136 220 49 8 12 11 13 268 846 743 507 274 292 222 514 97 288
491 356 190 179 426 169 97 11 22 193 473 131 134 49 196 479 47 581 477 520 178
493 126 257 299 275 68 171 21 116 274 124 317 514 6 24 677 131 287 482 327 322
501 681 688 747 322 265 325 327 259 331 875 330 687 537 348 880 1024 335 351 354 321
506 257 341 293 1015 306 325 300 180 345 247 321 346 894 330 271 258 1024 686 254 357
508 258 126 321 99 180 322 312 330 269 270 244 242 326 285 327 314 332 293 271 268
509 747 331 681 988 325 306 326 327 330 259 987 688 983 894 263 342 682 328 267 270
510 677 331 326 322 880 688 325 747 342 341 327 257 875 330 679 878 306 258 872 242
511 68 186 126 21 97 287 173 299 11 293 99 179 78 172 194 233 180 63 131 236
512 99 146 175 0 120 173 23 596 256 257 287 6 293 95 454 124 677 281 194 78
514 897 271 688 307 325 878 348 332 750 315 537 300 330 331 677 891 907 351 354 310
515 55 126 194 7 21 97 0 209 11 172 63 152 68 95 196 99 215 173 171 78
516 312 273 741 747 120 300 146 285 545 116 256 99 117 180 293 321 247 814 254 6
518 880 681 688 354 875 341 872 342 894 352 682 360 748 885 330 325 322 904 345 1024
519 120 244 254 0 12 126 49 257 116 221 110 13 180 8 256 124 274 236 6 14
521 473 186 181 194 173 174 356 185 510 63 179 55 182 131 495 97 483 264 237 88
524 545 49 257 116 281 747 293 741 6 285 292 272 180 8 470 234 221 283 146 475
527 194 171 95 264 182 126 131 434 495 0 185 97 21 152 204 175 203 186 519 270
528 299 677 258 298 332 300 747 689 312 271 242 306 288 267 688 878 329 682 301 338
529 68 257 215 172 236 293 152 196 180 209 285 78 299 317 214 426 199 179 233 275
530 325 681 312 688 307 271 298 677 332 348 878 682 257 342 343 300 268 306 338 327
538 190 513 215 516 654 133 210 136 317 271 13 460 791 97 99 207 301 167 426 179
539 281 120 254 283 247 236 24 117 116 275 150 404 747 287 267 146 274 272 13 282
543 689 299 268 747 332 677 300 306 321 301 346 267 326 681 314 339 244 750 271 269
545 759 405 677 323 116 357 447 324 298 545 664 332 120 330 306 451 325 269 216 259
546 689 268 271 267 325 299 345 309 749 269 681 304 326 901 747 343 306 330 287 322
548 24 221 256 234 124 257 110 283 116 146 273 6 275 8 281 254 285 249 150 14
549 256 257 677 242 14 596 116 321 987 117 741 686 750 249 297 878 471 285 110 325
554 99 0 293 474 267 275 126 236 221 285 123 507 299 150 97 136 55 312 256 300
555 481 285 179 190 49 356 97 173 134 174 55 99 527 257 193 482 288 426 479 299
556 257 301 285 323 747 332 247 99 474 249 180 312 677 302 327 55 322 271 116 530
557 284 12 220 9 136 223 92 286 739 99 276 1007 278 148 712 128 457 125 15 8
562 87 203 392 93 120 201 65 116 0 721 404 238 293 185 215 221 110 24 55 160
563 747 257 251 306 249 878 293 404 897 325 750 321 688 677 330 327 314 270 301 545
564 60 59 1004 56 581 19 44 1005 528 223 58 646 1194 1120 521 85 791 1192 726 1020
569 180 268 298 291 259 271 49 309 99 303 126 269 293 258 306 267 311 305 299 241
570 134 478 482 133 317 510 131 237 196 513 479 7 68 179 174 602 473 426 47 191
571 136 220 99 284 285 267 301 115 236 274 282 257 92 474 268 300 275 6 49 24
572 482 99 180 510 97 133 190 198 356 514 317 186 63 131 22 171 236 8 55 483
573 304 305 300 312 267 285 994 311 749 901 881 310 291 306 325 886 902 873 284 327
574 27 63 116 7 21 57 55 133 11 69 0 6 88 8 131 96 134 99 68 14
575 116 99 257 126 110 150 221 285 0 747 24 120 287 299 6 268 282 273 12 288
577 270 747 299 116 357 327 267 312 49 285 878 180 301 256 750 326 332 269 341 259
579 741 236 256 116 287 312 677 117 297 684 410 321 471 327 24 110 332 275 244 254
580 18 92 128 136 12 9 19 123 13 115 301 1007 285 241 235 1128 149 267 150 407
581 0 116 925 99 297 117 23 248 146 545 121 293 239 110 741 24 247 1046 108 122
582 88 99 173 134 49 178 167 181 55 63 97 126 179 78 180 172 185 171 133 22
583 49 0 180 172 173 404 175 88 249 227 256 167 194 379 143 55 116 209 120 97
588 325 689 327 747 331 268 330 342 682 291 309 314 244 301 269 750 749 298 259 346
589 282 24 123 120 18 136 283 110 292 6 19 470 219 9 675 0 590 1196 457 404
593 8 275 284 126 12 99 190 299 97 268 136 0 288 24 293 282 514 274 257 6
595 281 99 327 116 236 590 120 285 221 321 49 6 741 332 747 324 306 244 256 8
596 256 747 257 116 124 254 221 120 247 596 251 285 236 248 99 1046 404 545 741 287
597 343 314 271 325 901 688 681 881 315 354 331 341 878 300 330 907 904 345 750 353
598 410 124 1047 14 741 279 845 596 1093 293 618 257 1046 327 716 865 24 244 1060 331
601 270 117 257 288 244 287 242 306 221 254 297 6 299 99 300 249 312 285 281 14
602 49 257 88 97 55 131 514 0 116 194 143 422 264 95 27 209 81 317 195 510
603 435 446 97 22 218 173 175 155 451 128 178 670 671 88 674 237 174 287 181 49
606 190 193 285 49 511 13 99 126 478 169 133 134 514 513 164 516 282 268 189 223
608 747 49 312 256 299 300 267 677 285 268 99 249 221 346 269 327 322 686 332 180
610 681 901 304 326 342 271 301 330 894 331 348 748 325 341 688 689 994 311 269 904
611 49 124 110 257 293 150 472 180 476 256 120 741 303 99 471 242 747 677 322 221
612 482 180 68 198 99 299 173 196 285 190 7 8 171 78 179 55 21 152 97 11
613 120 124 1027 110 117 6 236 281 741 14 1046 925 594 863 273 590 234 272 239 150
615 331 326 689 306 681 300 301 293 341 309 244 315 343 750 258 897 349 339 270 307
622 97 99 236 24 273 68 196 152 0 167 519 110 117 173 143 69 429 116 509 426
625 325 268 326 301 321 677 299 689 324 330 300 259 342 306 258 270 291 49 298 269
627 49 267 300 268 99 271 270 312 242 244 302 126 306 55 309 285 314 288 258 180
630 332 268 326 346 325 257 749 322 343 299 689 301 901 747 331 327 339 258 342 298
632 683 172 194 95 420 99 10 209 0 225 567 30 11 741 173 180 21 202 181 6
634 110 120 221 99 244 180 24 256 146 245 49 13 123 8 242 126 257 247 124 6
635 18 49 180 126 12 125 124 236 110 115 116 13 136 24 234 150 256 123 6 14
640 268 99 285 602 481 479 174 473 134 317 339 474 197 31 179 136 196 301 189 115
643 677 117 221 251 294 983 287 686 545 244 270 929 124 14 404 741 285 471 878 687
645 343 307 688 325 258 271 342 341 322 749 268 747 894 897 878 338 537 354 300 332
646 180 209 251 173 49 194 299 95 126 96 545 142 68 519 203 0 117 422 198 65
648 110 221 248 124 247 273 24 410 256 283 99 150 257 236 404 117 471 293 251 6
650 300 257 318 304 288 299 268 302 689 936 13 339 301 136 312 287 271 269 99 261
651 120 70 221 21 117 236 0 257 116 173 49 99 242 110 254 209 288 180 126 14
655 901 304 881 689 904 311 312 307 310 305 314 339 886 879 348 681 298 332 331 353
656 146 116 221 120 12 180 92 249 49 126 24 6 149 123 247 99 256 245 236 14
661 13 220 123 1141 236 136 99 282 296 256 18 128 292 743 474 257 125 247 243 457
666 196 654 285 55 602 190 11 99 179 49 193 203 301 63 186 513 181 152 173 126
667 180 750 312 301 314 747 300 99 126 269 878 221 21 749 0 325 315 116 78 339
669 172 473 135 434 193 477 179 495 131 426 704 171 185 654 482 152 96 433 485 142
671 125 124 236 13 12 110 150 404 117 282 120 99 284 0 256 285 273 257 8 247
672 55 99 270 97 288 309 49 318 173 305 180 301 312 269 315 196 320 306 304 126
673 236 747 257 180 321 327 249 99 285 471 258 110 470 283 273 545 306 297 242 300
674 268 296 271 901 301 165 307 1021 886 749 312 164 879 241 314 689 320 291 318 339
676 293 257 287 49 116 124 99 120 256 180 14 312 270 249 327 117 303 258 596 595
677 99 125 283 124 12 150 234 470 120 273 117 221 285 8 404 282 472 279 256 116
678 172 171 116 317 422 97 209 215 99 21 257 178 654 236 190 299 78 88 10 201
679 0 49 256 180 12 236 274 282 126 110 257 150 123 741 404 6 221 283 136 474
680 307 312 343 881 268 325 348 331 748 682 749 304 300 271 305 322 314 688 311 302
684 332 267 331 873 287 325 345 689 304 291 261 330 302 681 874 300 306 885 871 288
686 259 306 309 268 288 267 257 326 269 293 321 258 322 242 325 285 327 300 271 270
687 307 880 298 688 682 326 322 872 748 679 349 342 689 341 343 687 875 907 879 878
688 247 257 285 116 236 287 99 677 126 275 24 146 293 8 545 180 684 281 234 0
690 99 233 182 173 131 126 422 180 513 193 171 199 132 442 481 167 356 190 134 88
691 14 236 12 254 300 110 1027 49 475 318 863 13 870 215 507 125 285 0 513 120
694 343 326 901 307 689 348 298 331 268 325 346 302 271 904 301 748 880 339 311 882
695 268 271 749 302 285 689 126 899 307 305 514 299 344 257 339 288 332 270 49 241
699 55 69 116 68 94 81 0 126 11 96 7 6 70 21 120 99 131 97 88 63
700 241 244 301 305 126 304 236 318 282 285 306 13 309 257 311 300 320 293 268 247
701 270 750 677 49 688 180 322 357 894 259 679 327 889 538 269 891 337 271 265 341
702 150 410 126 404 545 99 110 120 281 590 741 124 285 14 327 297 254 249 244 476
705 116 122 256 239 124 146 55 285 150 234 126 120 275 110 281 249 288 236 221 14
712 307 271 689 348 901 315 1061 311 899 304 907 345 750 302 904 1312 351 1104 325 537
713 256 99 410 117 124 545 257 747 24 293 221 146 590 475 741 273 755 297 287 234
717 116 596 281 747 236 124 287 290 826 146 251 293 0 312 275 1015 410 6 24 257
718 14 116 195 124 470 293 110 99 190 97 0 273 426 275 279 214 404 47 299 734
719 881 304 307 300 689 302 339 271 343 311 901 310 749 345 269 325 936 886 899 326
721 24 116 256 122 0 49 126 257 120 247 221 124 234 8 239 244 272 254 180 14
722 49 68 99 7 55 69 63 120 11 115 21 13 78 8 97 88 126 116 6 14
724 117 110 120 126 12 124 24 236 0 146 136 13 150 123 221 116 241 149 49 6
725 596 410 747 925 110 814 254 1015 251 404 826 1046 249 741 124 297 257 287 870 545
727 287 285 293 110 257 275 124 8 0 299 747 120 117 300 49 244 13 404 273 254
728 681 322 325 677 258 270 341 894 331 348 342 257 346 330 343 314 306 749 300 298
729 146 149 287 126 267 288 110 293 24 281 120 244 221 8 292 254 301 285 249 0
731 326 302 298 307 879 325 305 291 873 748 300 268 338 322 329 681 332 339 994 886
733 482 68 49 0 180 99 132 7 70 134 215 167 484 152 198 704 426 479 285 214
734 49 293 267 236 301 741 299 13 312 321 300 287 256 124 136 110 272 221 120 126
735 249 257 297 1141 248 296 251 293 747 1015 294 1006 116 299 1011 323 236 1257 301 270
736 133 178 181 99 22 190 97 237 55 171 194 134 203 68 208 180 317 173 167 49
738 299 293 312 49 126 173 97 257 180 21 193 209 0 233 7 271 264 184 301 749
739 257 99 305 236 242 306 244 312 49 258 126 271 269 291 309 303 314 302 300 267
741 92 97 125 55 78 117 23 128 11 123 24 13 120 8 126 122 136 124 115 110
742 126 180 244 120 12 247 116 256 49 236 123 13 249 8 254 136 257 241 0 6
743 99 97 186 173 123 257 55 287 11 180 171 133 284 203 285 179 293 181 167 6
744 126 510 49 68 175 131 473 171 134 0 356 186 21 194 198 478 55 434 317 190
745 194 175 120 173 21 384 228 227 209 404 232 264 187 172 117 67 68 226 240 185
749 326 322 331 258 325 257 677 312 332 689 681 298 271 267 242 342 339 306 288 688
751 268 901 749 348 314 353 750 332 681 307 331 688 330 342 894 349 302 878 311 298
752 126 97 99 186 299 479 204 257 196 182 190 510 519 317 55 660 68 233 171 271
753 124 716 321 470 590 120 279 273 110 293 125 865 814 863 747 290 596 404 99 545
754 331 332 322 300 257 298 312 325 271 302 267 339 677 681 327 306 346 309 304 291
758 283 110 281 117 236 285 99 288 24 254 49 6 124 8 287 275 293 273 244 14
759 209 422 410 24 110 293 677 257 820 814 236 142 0 173 99 741 121 55 876 120
760 124 120 747 242 741 6 596 259 116 299 1046 321 322 410 327 150 686 404 8 275
761 99 268 282 285 274 13 300 257 136 49 254 110 247 296 299 284 267 256 287 250
764 220 123 18 99 12 474 19 0 115 282 256 6 190 110 212 8 257 180 120 268
766 193 434 479 49 198 478 210 126 426 134 184 233 179 22 190 473 227 525 204 510
767 236 124 282 254 273 293 99 257 279 285 14 747 300 283 180 275 6 327 1047 221
768 124 116 273 1046 24 596 117 925 0 741 236 251 150 279 99 249 23 281 254 247
769 236 99 285 293 256 292 120 267 275 323 116 245 221 8 124 249 126 247 322 321
770 49 172 285 99 69 299 282 587 110 190 747 268 258 256 115 212 317 116 167 422
771 288 244 688 270 330 300 242 872 293 332 268 301 689 257 747 285 681 327 271 307
774 307 881 901 348 304 312 346 325 314 302 345 331 681 897 904 300 341 688 310 332
776 27 78 120 7 63 131 21 143 11 110 49 88 68 8 134 24 150 117 97 6
777 68 178 402 195 214 63 422 66 155 49 167 172 654 217 201 3 392 222 317 21
778 99 78 110 116 68 117 24 171 124 126 120 23 146 8 150 49 173 143 97 0
779 49 193 173 180 184 215 55 196 131 233 172 126 209 203 434 167 68 99 481 190
780 97 10 181 49 21 209 175 299 11 171 55 6 233 196 293 178 327 172 78 68
782 326 298 681 747 677 322 325 331 346 343 341 688 312 271 901 689 348 354 349 258
783 300 299 747 326 301 749 689 307 342 330 321 346 331 304 343 267 345 305 258 681
784 78 116 133 27 63 99 22 152 55 97 131 6 134 88 143 95 171 126 68 49
786 881 343 331 348 681 298 994 748 1061 338 326 902 872 901 882 302 682 907 989 271
788 24 245 256 99 12 128 116 272 149 234 150 13 257 123 267 120 275 236 6 14
790 55 116 123 97 120 78 24 126 11 124 21 13 110 0 117 99 173 136 6 14
791 404 234 409 283 117 684 472 273 927 741 124 1027 410 863 272 921 978 116 122 2
792 543 272 1010 618 474 117 404 116 978 409 124 122 684 545 925 1058 234 6 819 290
793 115 256 221 123 12 13 99 150 257 136 6 120 282 249 287 24 108 293 267 116
796 236 242 256 99 257 259 0 287 221 269 116 254 120 258 271 244 288 270 267 14
798 293 271 299 190 55 126 196 602 312 356 99 268 180 287 198 97 133 179 171 301
799 49 99 244 120 254 110 236 281 116 257 0 6 146 8 150 242 283 273 180 14
800 257 677 312 322 271 681 326 747 331 267 314 268 688 339 270 298 342 341 689 346
801 435 287 199 97 242 182 636 679 218 456 681 564 321 674 333 144 263 173 324 357
802 331 258 325 307 312 300 257 271 299 326 327 878 322 309 304 314 301 269 332 311
807 330 302 327 345 300 339 257 306 267 325 346 268 689 271 747 326 309 304 269 315
808 49 236 241 55 120 116 21 254 173 180 0 6 242 8 244 99 256 221 126 14
809 49 288 304 306 244 270 271 315 257 258 309 291 311 267 314 298 321 302 301 269
810 242 309 878 271 312 258 321 268 332 537 325 270 750 677 331 327 49 244 326 287
811 326 331 322 257 298 321 324 242 258 299 332 681 988 306 329 987 330 263 872 679
812 747 688 677 681 322 242 312 342 682 331 299 325 257 878 348 875 686 332 748 689
813 446 435 451 182 97 233 669 440 562 200 636 144 550 163 4 175 183 563 378 568
815 747 677 322 681 332 321 327 750 688 878 242 299 894 306 270 689 357 298 341 326
816 99 293 590 272 116 297 180 281 122 287 49 249 677 120 741 474 404 221 124 275
817 268 343 312 271 300 302 304 346 325 901 314 339 749 307 878 681 326 332 897 311
818 268 300 257 285 747 327 901 293 872 304 346 271 287 315 323 99 244 49 256 126
819 258 322 332 257 299 331 293 325 677 681 267 268 327 326 878 750 346 271 301 269
820 150 49 203 68 70 7 190 283 124 236 142 495 209 97 422 470 171 132 275 24
821 0 180 49 150 116 471 108 256 221 287 293 404 257 99 472 747 120 312 677 249
823 268 300 747 306 299 258 242 312 331 332 987 326 257 689 327 325 99 244 301 318
826 268 314 311 299 302 325 345 304 315 332 681 331 747 306 343 339 326 309 287 322
828 49 6 285 474 302 581 256 19 211 190 11 282 284 136 126 245 1072 257 180 301
830 293 236 312 677 270 750 285 256 288 55 342 221 300 259 301 321 126 326 268 267
831 49 99 312 116 288 258 236 332 124 299 0 281 242 254 331 306 677 300 287 14
833 110 120 267 180 12 221 124 275 0 236 123 13 247 8 271 256 282 249 244 14
835 186 184 196 356 301 178 481 190 97 22 134 339 285 302 173 318 271 131 126 49
836 8 124 286 110 0 125 254 470 99 116 117 13 120 49 404 284 741 283 281 6
837 49 0 116 120 173 221 256 257 150 190 282 78 249 88 126 209 236 171 175 97
838 99 287 12 292 13 123 257 743 272 125 278 281 124 457 293 8 590 220 247 136
840 312 681 325 331 878 688 342 298 326 346 689 348 901 349 354 257 345 258 894 314
841 271 348 901 346 314 341 315 749 345 353 689 894 897 688 354 311 349 304 681 342
843 0 171 172 221 173 747 99 293 312 175 95 182 750 404 654 82 203 81 270 126
844 343 881 307 348 1061 901 904 304 314 315 1312 1126 1175 1023 690 907 1293 890 897 311
848 78 221 281 49 0 293 99 404 95 180 68 21 117 124 317 116 422 194 70 6
849 194 193 49 519 68 434 0 495 78 87 658 152 264 142 198 482 422 95 185 587
851 471 0 221 116 747 249 120 741 257 146 1046 299 293 454 686 124 303 925 595 242
852 332 321 312 306 242 324 688 309 689 681 328 342 259 880 879 288 271 894 987 338
854 169 58 60 581 212 512 165 922 854 190 729 136 461 706 513 511 99 133 82 508
855 299 331 747 271 300 258 332 268 688 681 327 326 306 750 330 872 346 293 342 298
856 300 267 268 285 303 287 269 288 49 312 99 747 689 241 327 270 339 301 677 332
857 97 116 123 126 173 120 49 244 11 221 0 13 241 8 242 55 256 236 6 14
858 1047 814 762 410 254 236 124 287 411 844 277 1008 245 281 279 121 273 1093 1046 475
859 268 314 87 236 65 339 110 327 215 257 305 878 274 13 872 99 318 301 12 311
860 581 706 285 56 305 380 212 715 268 99 257 922 318 746 287 708 69 386 97 698
864 150 0 99 221 49 287 180 472 819 108 474 234 404 117 249 925 256 741 146 545
865 268 339 302 326 300 271 689 936 267 332 285 346 325 257 291 269 309 261 344 312
866 172 55 68 171 126 293 99 143 356 299 203 186 179 264 0 287 747 221 473 482
868 99 236 124 24 0 13 256 110 747 285 254 150 257 8 281 126 116 273 247 275
871 124 116 826 545 281 594 299 146 684 312 404 321 244 677 293 865 410 471 290 14
872 259 99 270 49 244 269 126 302 285 287 298 258 300 242 301 267 303 288 271 268
873 18 220 241 99 12 136 97 268 11 49 126 6 257 8 267 236 271 180 55 0
874 55 356 174 196 21 190 481 88 191 479 133 474 317 169 99 602 167 203 587 126
875 136 55 513 97 49 99 126 602 11 233 285 190 284 196 174 167 22 179 169 184
876 49 99 180 55 212 172 97 6 312 706 211 120 13 85 190 209 88 173 301 11
878 99 116 234 49 180 110 24 251 124 244 117 146 120 8 249 125 254 247 224 6
883 13 136 285 284 267 18 301 318 282 212 49 305 706 530 339 236 302 82 6 300
884 422 68 203 65 201 731 392 110 215 62 654 142 7 190 366 98 167 93 754 738
887 99 215 69 284 236 49 126 275 274 254 196 190 257 11 13 317 110 14 63 299
890 404 275 283 117 12 741 125 282 0 273 99 110 120 8 274 124 6 256 254 147
892 762 287 120 6 741 49 281 221 257 180 545 596 99 747 272 474 684 124 110 14
894 24 123 136 124 0 116 110 149 23 120 99 13 125 8 126 117 150 146 6 14
897 244 258 293 268 99 259 126 302 49 288 180 267 300 257 301 270 303 291 271 242
899 99 97 275 131 6 126 49 281 117 173 0 233 22 426 221 150 14 8 236 68
900 0 117 120 49 221 587 190 81 150 526 293 422 251 87 68 203 94 116 224 209
901 120 116 173 7 78 186 21 198 11 97 0 6 190 8 194 55 221 171 126 99
902 128 404 11 6 116 199 49 236 150 126 120 10 173 3 194 8 88 237 409 474
903 274 236 69 110 285 215 87 659 99 257 723 14 1118 0 715 287 581 698 24 49
904 120 117 236 49 126 247 99 272 0 180 24 116 256 8 267 110 275 221 146 14
905 49 128 146 123 12 117 24 281 150 180 149 13 236 8 257 110 284 221 126 0
906 110 274 236 0 741 24 14 282 49 1008 470 275 279 761 844 120 6 150 1047 287
907 602 237 99 182 233 22 167 171 317 49 173 194 134 513 179 6 177 63 152 208
908 305 268 257 302 284 318 241 212 99 936 282 689 136 169 49 18 706 220 312 300
909 63 10 78 24 12 95 21 117 11 49 0 13 97 8 110 68 120 55 6 14
910 131 431 418 417 0 180 132 49 426 704 135 7 134 172 479 193 473 96 94 171
911 133 602 152 185 97 215 190 68 132 134 516 434 513 426 210 178 173 356 195 130
913 65 706 715 948 1040 791 708 1118 215 659 69 25 82 661 85 628 161 731 552 738
914 331 300 268 326 314 325 302 747 689 304 346 339 271 257 872 681 322 301 288 330
916 0 120 221 99 12 124 110 257 117 236 116 6 180 8 256 150 273 247 234 14
917 190 85 82 51 706 708 69 511 482 196 192 654 237 179 461 68 659 646 356 195
919 348 343 901 298 326 325 880 688 304 307 904 689 341 354 881 872 271 338 342 894
920 70 116 587 49 404 224 94 236 741 139 384 256 565 209 120 110 595 117 27 65
921 422 392 81 120 117 203 404 0 68 754 180 27 195 94 87 167 69 558 401 227
922 596 281 120 747 741 6 293 677 49 99 410 221 146 404 257 122 117 474 684 590
923 274 180 99 49 97 209 78 236 479 221 426 312 434 8 203 96 186 271 24 268
924 287 293 326 257 321 324 97 405 759 325 99 327 49 263 233 242 357 6 323 333
925 99 269 293 49 236 291 126 305 257 298 271 267 301 270 304 244 306 300 268 258
926 0 120 93 49 180 108 150 596 70 741 203 226 171 116 404 422 403 110 471 545
927 49 55 257 99 180 287 126 173 602 293 171 356 184 312 0 317 172 88 285 182
928 95 171 602 55 97 167 179 174 194 479 134 49 510 186 182 126 63 152 21 99
929 23 10 78 49 12 24 68 116 11 21 0 6 55 8 110 70 117 99 97 14
930 256 314 299 300 285 293 312 747 296 110 322 288 258 321 303 271 13 327 310 247
934 150 24 290 0 275 410 110 596 124 279 117 6 545 404 590 116 684 281 273 14
935 256 245 99 247 257 287 236 254 1007 282 296 123 285 149 0 6 275 12 1011 288
936 18 49 257 115 12 268 136 285 123 126 99 13 275 24 282 220 288 256 250 236
937 410 117 116 236 120 293 596 741 404 287 1046 677 110 0 322 755 281 257 290 254
938 410 596 117 404 124 116 741 545 322 0 747 293 755 925 471 1046 931 865 1027 251
939 312 21 317 126 49 482 356 268 293 196 99 257 285 209 97 195 215 747 68 322
940 23 117 120 234 0 24 49 249 149 150 236 124 244 8 247 99 256 221 126 14
941 180 356 131 271 134 190 198 418 173 750 481 587 317 482 299 257 293 0 483 747
942 402 120 232 549 272 52 160 67 577 117 37 1 66 203 81 217 3 91 567 68
