3 332 677 54 267 330 300 342 878 688 749
8 99 126 55 503 318 215 184 300 97 434
16 275 14 287 120 49 257 288 221 747 123
18 293 268 55 215 285 339 301 97 167 299
26 236 126 275 272 180 122 249 457 116 281
32 287 299 331 325 330 298 688 321 747 349
33 326 322 306 287 257 299 321 686 318 330
34 322 293 287 987 244 686 329 288 681 262
35 876 269 327 537 300 331 326 753 299 333
38 749 309 339 285 315 304 310 343 689 327
45 257 285 258 268 267 474 241 339 345 301
46 299 318 241 327 244 293 332 304 331 747
49 128 92 220 457 120 292 6 236 149 288
50 55 194 95 78 21 182 173 184 68 482
54 126 221 251 249 194 95 23 0 209 514
60 312 285 688 878 287 686 306 325 258 301
77 318 285 244 299 410 126 110 257 267 14
85 267 747 300 305 304 323 302 301 263 875
87 268 271 288 346 936 291 891 901 303 345
92 117 110 24 404 180 1046 273 49 472 283
97 207 203 237 193 661 691 152 12 299 791
104 345 327 299 293 749 357 750 324 344 259
106 293 327 244 747 306 300 325 323 271 331
110 299 344 346 315 244 689 305 749 311 345
119 470 117 49 99 221 299 275 180 684 146
123 175 88 55 567 178 187 81 152 131 30
126 312 889 269 750 537 268 878 180 258 108
131 99 12 0 513 474 6 22 514 180 434
132 747 322 270 346 677 309 689 878 302 288
133 271 321 287 309 303 332 244 270 306 288
138 123 514 257 474 8 268 292 0 689 293
139 287 299 326 327 332 320 298 323 291 261
142 331 747 244 299 689 677 269 309 301 288
145 747 320 331 304 315 287 332 285 749 325
146 314 346 285 310 299 271 305 307 309 241
152 182 285 95 11 287 175 299 317 209 321
154 321 257 677 299 298 244 686 288 258 689
162 312 301 327 302 293 332 267 167 203 173
165 258 271 677 682 689 244 309 268 303 270
169 331 299 747 242 320 878 259 326 1024 329
201 49 180 602 293 274 173 193 7 152 55
204 322 878 244 293 300 287 291 872 320 331
211 169 461 49 581 356 192 659 57 257 68
219 326 301 327 323 244 241 306 747 320 312
224 131 198 204 422 317 495 660 173 519 321
227 267 299 268 10 11 293 179 356 257 68
230 14 236 256 124 117 283 221 110 285 116
239 331 257 337 332 314 537 270 327 310 344
240 330 332 270 268 337 326 257 750 878 339
241 470 306 123 507 99 287 285 250 241 689
244 0 242 117 108 224 293 120 256 404 747
246 312 257 274 180 747 285 404 236 99 249
251 282 12 287 272 9 149 14 221 120 284
257 299 244 321 537 325 681 346 677 300 268
259 327 357 330 328 331 680 872 688 322 750
260 299 322 677 331 327 332 257 318 681 872
265 288 301 115 300 257 99 275 8 302 268
272 268 285 257 301 300 345 305 299 343 353
277 299 301 271 306 49 332 339 344 345 288
280 299 327 872 312 747 677 878 242 750 291
281 327 300 323 747 285 345 263 244 302 312
288 596 116 117 825 180 283 49 819 865 110
299 747 987 322 257 677 244 410 332 297 357
301 299 325 331 677 242 287 263 258 259 285
303 747 322 677 257 244 987 872 750 537 686
308 321 304 873 288 301 328 291 293 320 677
309 0 249 282 312 285 992 404 750 241 251
316 332 342 257 331 357 688 323 326 324 894
318 326 270 299 287 327 894 886 288 257 747
334 293 325 285 271 330 301 326 878 267 357
340 331 880 345 679 263 877 260 332 265 306
352 312 287 747 306 301 346 268 688 322 293
354 267 302 304 257 677 989 269 293 244 1175
355 322 300 689 749 268 303 677 331 343 750
361 878 325 326 270 306 681 677 342 330 339
363 326 323 327 242 322 321 299 747 257 258
368 257 679 248 265 339 268 323 172 747 407
383 322 257 287 321 330 325 314 267 689 677
385 830 471 249 180 840 146 251 256 826 283
399 312 244 321 325 309 270 301 288 677 314
407 267 288 268 332 345 339 306 322 244 677
409 271 309 750 300 301 749 244 878 332 343
413 285 267 312 268 326 327 270 318 332 357
414 204 167 285 299 49 173 178 97 473 193
417 306 271 346 353 750 309 293 339 688 689
430 327 287 309 677 257 270 288 325 242 258
440 299 747 221 257 124 180 49 146 288 303
442 287 323 263 324 325 244 309 258 327 321
443 314 689 221 315 0 301 303 126 236 749
460 285 299 339 287 244 300 327 321 314 288
470 70 180 945 819 431 472 495 418 1218 992
474 271 268 299 339 293 747 274 300 287 301
481 257 299 285 293 322 326 306 180 346 312
484 257 299 301 314 331 271 326 339 304 332
508 293 327 747 268 332 322 339 269 285 312
510 257 331 322 327 349 677 306 330 326 342
511 507 21 287 97 750 650 186 590 175 293
512 596 120 256 677 514 1015 830 95 0 23
515 126 747 514 510 268 257 172 215 256 294
519 312 257 332 747 321 14 125 244 300 110
530 312 306 293 688 327 309 300 753 268 878
543 747 299 306 878 321 269 244 332 268 677
546 268 271 299 306 287 345 285 304 244 267
548 404 14 1027 221 256 293 596 322 116 234
557 284 220 136 12 8 223 276 275 302 320
562 870 251 110 404 87 1015 392 120 825 221
569 299 327 267 268 293 326 332 321 241 318
570 478 481 171 513 426 606 133 49 191 198
571 300 274 812 284 743 0 282 125 14 257
574 257 173 27 434 285 99 55 299 68 356
577 747 270 259 285 327 267 686 299 248 324
580 13 9 285 241 123 120 407 115 12 18
582 123 332 473 173 301 97 581 517 78 185
583 379 180 227 49 173 88 61 172 256 746
593 274 126 8 99 293 288 514 275 299 320
595 285 741 507 0 331 8 49 325 747 327
597 314 345 750 331 343 309 271 354 347 681
601 299 287 322 221 257 242 150 99 270 686
603 97 446 670 435 671 451 218 558 563 49
608 682 312 747 987 332 49 260 300 357 679
611 677 254 180 150 49 124 277 1196 741 322
612 285 173 514 14 156 236 68 356 534 321
625 299 259 321 677 679 326 269 682 318 342
627 267 681 303 320 285 300 305 306 268 327
630 301 268 287 750 299 339 344 332 315 343
634 287 321 288 267 325 331 301 285 677 332
635 49 236 180 150 13 6 285 12 24 404
645 338 747 322 537 271 258 872 894 293 897
648 256 251 404 254 684 221 117 596 236 247
650 318 257 320 299 304 689 302 303 268 323
651 327 180 747 257 312 288 242 221 331 404
655 299 327 306 312 878 311 267 304 339 261
656 99 6 312 287 49 257 12 116 275 309
661 13 126 220 241 99 8 474 136 236 846
671 117 12 286 472 865 0 284 256 125 150
672 301 312 689 306 309 311 339 345 332 288
674 291 271 268 296 164 241 1295 284 312 864
677 8 273 99 117 150 120 470 282 124 283
680 312 322 270 747 750 677 686 267 299 346
684 288 267 287 261 320 244 345 302 331 321
686 257 331 342 327 322 293 321 270 258 300
687 293 330 257 322 894 687 332 312 299 341
690 172 199 614 186 180 99 215 287 422 47
694 326 268 301 285 257 339 302 689 244 344
695 268 271 285 257 344 299 689 302 99 327
699 194 203 171 68 190 256 175 63 97 208
700 285 268 300 301 257 346 750 747 293 244
701 270 449 677 894 180 379 750 242 688 285
705 146 236 275 116 281 285 299 545 590 312
719 304 302 345 689 339 306 881 271 343 310
721 0 24 14 8 741 116 293 287 275 716
722 407 180 317 285 356 208 172 49 303 293
724 287 293 236 288 318 747 241 303 49 275
725 747 249 404 762 689 755 293 865 23 49
727 8 110 275 285 0 470 299 257 117 6
728 322 270 257 314 242 749 342 889 309 677
731 327 326 241 302 873 318 268 257 291 878
735 251 297 249 294 293 248 296 326 257 1011
736 180 208 49 167 173 178 654 317 237 209
739 257 300 244 689 322 326 320 872 302 332
741 150 256 126 149 120 8 24 123 404 275
742 285 241 257 244 327 332 749 49 318 321
743 99 123 181 257 287 110 180 474 6 284
753 299 124 590 814 274 99 280 596 684 110
758 322 596 14 293 281 747 244 117 236 249
761 267 274 149 13 249 1013 250 285 19 282
764 115 514 99 180 513 123 318 474 254 18
768 1046 596 6 256 24 116 471 248 1015 117
771 257 293 244 747 285 327 332 268 330 689
774 312 346 339 287 270 688 323 293 753 332
776 522 513 49 195 293 844 221 193 136 317
778 150 116 49 120 0 475 404 117 293 747
782 326 267 339 269 312 301 357 298 878 323
783 689 747 299 321 244 330 346 331 301 293
784 97 143 602 237 184 171 49 257 152 677
788 99 236 275 12 149 256 284 6 150 14
790 293 747 257 322 331 99 306 301 325 320
793 221 99 136 514 150 256 6 595 92 236
796 287 257 326 258 318 322 293 244 321 300
798 180 299 293 126 922 750 356 327 184 321
799 49 285 99 116 180 257 14 244 404 120
800 312 257 322 331 244 688 681 330 326 270
802 299 878 304 327 257 258 307 300 326 269
807 257 267 326 268 327 306 300 325 271 288
808 299 244 287 293 322 321 268 314 332 750
809 257 327 321 747 322 306 301 258 288 305
810 312 750 749 321 677 327 268 244 320 242
811 321 322 326 332 242 257 299 318 263 331
812 242 265 312 342 750 322 303 260 686 689
813 446 435 97 233 216 451 568 440 183 144
815 322 897 677 894 347 747 332 270 324 259
816 287 116 324 120 272 684 180 404 332 49
817 312 268 271 878 747 749 267 885 339 314
818 268 300 254 947 55 241 285 315 747 244
819 299 339 257 271 327 268 750 332 293 357
821 312 0 150 870 188 116 677 41 507 750
823 257 244 326 323 258 299 332 987 318 327
826 299 332 285 287 309 353 306 327 293 311
831 288 287 747 677 299 236 331 242 987 303
836 110 125 0 115 120 99 1151 814 49 286
840 312 750 325 327 309 337 878 300 537 293
841 270 749 271 342 309 689 337 897 688 301
844 343 304 1061 270 1175 346 361 341 897 344
848 116 288 70 10 180 95 78 49 422 404
854 274 581 165 169 381 51 854 82 510 69
855 747 299 327 285 271 268 293 270 330 891
856 287 285 303 322 221 0 269 312 300 180
857 301 293 257 287 299 49 326 126 312 332
858 236 277 273 287 814 254 844 245 121 762
860 318 581 285 706 56 287 164 96 64 698
865 302 285 268 300 303 873 257 267 310 326
868 236 475 285 24 256 126 224 150 299 863
872 312 285 287 300 689 268 322 303 306 332
873 285 257 267 318 301 49 507 284 99 474
875 99 126 317 49 55 513 318 474 190 169
878 124 741 120 49 116 180 293 117 322 863
883 110 528 212 13 285 708 747 236 82 318
887 126 654 236 434 203 193 11 581 125 356
890 275 99 273 274 741 110 8 283 117 0
894 126 120 256 0 299 404 221 475 117 150
897 257 267 288 689 339 327 270 312 293 326
899 236 126 0 49 280 68 99 495 125 131
901 285 256 126 173 327 78 95 270 241 747
903 110 287 236 274 312 69 581 698 401 552
904 287 99 331 285 236 8 116 747 275 306
905 8 123 287 285 128 236 0 507 590 150
908 305 257 293 318 936 212 223 282 321 241
909 49 275 180 0 257 126 120 297 221 404
911 152 97 190 208 356 215 483 366 516 65
913 65 581 736 69 24 738 85 401 552 579
914 257 325 747 331 330 339 321 285 301 689
916 507 236 0 99 8 474 110 14 248 180
919 688 306 332 312 747 878 257 326 271 339
924 287 321 327 293 299 871 326 257 325 291
925 327 257 244 301 312 322 300 293 271 332
927 287 184 55 293 968 175 199 499 602 473
928 495 750 175 11 186 55 171 152 95 185
929 180 299 14 49 257 0 741 236 865 99
930 256 285 293 312 314 299 897 282 110 296
934 281 117 684 14 49 116 254 404 24 596
936 285 268 301 302 13 99 288 12 257 14
938 1027 20 844 327 293 299 124 249 116 1048
940 49 0 221 120 684 256 332 249 150 117
