3 312 332 747 285 268 301 300 689 271 325
8 268 257 301 318 302 299 312 288 300 305
16 49 275 257 126 274 287 13 123 180 268
18 285 268 99 300 299 301 288 293 274 49
26 6 116 275 0 236 180 221 272 126 545
32 299 747 287 325 331 326 689 300 258 321
33 299 332 312 257 327 747 287 325 300 306
34 287 312 293 322 244 306 288 681 309 300
35 312 299 257 327 326 689 325 300 301 331
38 285 327 689 301 288 287 326 339 267 244
45 257 300 268 285 288 271 301 314 309 325
46 299 312 318 241 332 689 327 293 271 747
49 6 128 92 149 12 292 918 13 236 120
50 173 97 182 55 175 194 184 95 203 88
54 0 221 545 6 741 236 150 99 124 293
60 312 287 325 244 300 258 306 288 321 285
77 257 299 285 747 327 244 312 332 14 0
85 332 300 747 301 312 689 306 291 325 293
87 268 332 257 327 326 302 271 288 304 339
92 236 24 110 117 116 49 470 741 273 755
97 285 268 274 49 482 196 190 193 317 99
104 299 327 293 300 288 325 321 244 322 309
106 293 327 300 288 747 689 271 244 306 318
110 689 299 318 267 288 326 305 346 749 287
119 49 180 293 287 221 117 99 6 299 747
123 55 99 180 126 182 175 11 88 184 233
126 312 327 180 322 677 750 258 244 878 332
131 99 474 275 13 12 6 115 128 8 220
132 332 300 287 689 747 301 288 326 306 325
133 287 49 288 180 244 236 321 332 99 221
138 268 257 300 318 332 339 304 326 689 305
139 287 299 332 312 327 747 268 326 325 306
142 299 747 268 300 288 689 244 326 301 309
145 332 689 285 287 267 747 304 302 749 288
146 302 285 301 305 241 271 346 299 326 267
152 312 285 299 268 287 327 332 271 301 747
154 257 299 332 312 268 300 288 301 689 267
162 312 293 327 301 288 332 267 339 314 689
165 332 325 244 258 677 288 306 300 689 309
169 299 747 312 306 288 331 300 309 285 689
201 97 173 602 478 513 49 482 99 184 473
204 287 293 322 244 300 306 326 689 331 301
211 169 513 602 212 478 482 301 97 136 581
219 312 301 327 326 689 747 306 325 244 271
224 173 482 660 198 204 434 356 495 483 478
227 268 257 299 300 301 332 327 288 339 302
230 236 14 124 116 117 24 221 110 741 99
239 257 327 332 293 325 689 322 285 326 309
240 257 332 327 747 326 300 325 285 268 244
241 285 268 300 257 288 318 299 241 689 320
244 0 14 120 124 117 236 116 24 224 404
246 285 274 13 236 257 99 282 284 318 288
251 236 123 12 284 49 507 149 92 120 292
257 299 325 244 300 258 321 306 268 677 326
259 327 689 326 306 300 331 322 301 330 309
260 299 257 327 312 332 322 677 306 331 309
265 268 257 99 288 299 241 300 301 293 49
272 268 285 301 300 305 257 241 299 267 288
277 301 299 332 271 327 326 339 689 267 288
280 299 312 327 747 285 244 306 268 258 326
281 312 327 747 300 285 244 325 689 288 322
288 116 117 236 180 596 49 545 256 24 110
299 747 332 322 325 257 677 312 244 306 331
301 299 312 332 287 325 677 258 331 689 326
303 257 747 288 244 332 322 300 325 268 689
308 312 327 268 300 747 287 288 293 301 306
309 285 236 299 268 14 8 288 275 284 318
316 257 332 293 306 326 331 681 258 357 342
318 257 299 327 287 747 326 293 325 689 322
334 293 300 326 285 325 689 301 288 331 271
340 332 257 299 747 327 325 312 322 306 331
352 312 287 747 268 293 689 301 288 306 322
354 332 325 312 257 326 689 747 300 330 331
355 300 689 268 288 326 301 287 244 322 339
361 325 306 300 326 689 285 288 268 309 677
363 257 299 312 327 332 747 300 244 322 325
368 257 312 299 287 332 327 285 747 268 293
383 257 287 293 322 325 244 321 300 306 285
385 180 0 287 256 293 741 99 124 236 257
399 312 332 288 244 301 321 325 326 309 267
407 332 300 268 689 325 288 306 244 322 321
409 332 300 301 287 271 326 293 306 244 325
413 285 312 268 327 49 332 288 267 244 326
414 602 513 97 483 173 660 481 473 510 285
417 689 271 747 293 306 285 325 244 270 288
430 257 312 287 327 332 325 300 288 677 309
440 257 299 49 285 180 747 327 288 244 236
442 287 299 327 301 300 689 325 306 288 267
443 287 293 300 332 301 288 267 689 326 339
460 285 299 300 288 267 327 287 339 689 332
470 70 124 14 117 20 180 120 755 62 221
474 268 299 293 287 300 288 327 271 301 267
481 257 299 293 332 312 285 322 325 321 677
484 299 257 332 689 301 326 271 314 339 309
508 293 312 747 327 332 322 180 285 677 244
510 257 747 327 325 326 306 322 331 244 330
511 287 97 293 173 332 126 299 180 270 175
512 293 120 287 257 0 677 747 596 256 6
515 173 317 482 0 171 126 68 356 99 422
519 257 312 327 287 300 747 332 244 321 322
530 312 332 327 257 325 293 306 300 309 681
543 299 332 747 300 244 306 689 288 268 326
546 268 299 285 287 689 271 293 267 326 747
548 116 124 14 221 404 741 150 596 24 256
557 284 275 12 220 474 99 136 8 241 236
562 93 87 392 65 120 450 62 70 201 66
569 312 299 268 332 327 293 326 271 267 321
570 513 478 482 477 660 473 479 481 506 169
571 274 236 275 284 285 99 282 14 115 474
574 257 173 287 299 312 171 285 99 55 182
577 299 747 332 327 312 325 321 270 357 306
580 13 123 115 136 12 285 128 92 149 507
582 97 55 173 178 473 602 513 184 186 179
583 49 180 293 173 0 299 209 194 120 126
593 99 268 257 274 284 126 275 115 136 123
595 285 99 268 747 267 474 288 236 332 301
597 299 332 327 300 287 747 326 285 301 306
601 257 299 287 312 327 322 332 244 321 325
603 97 287 435 49 218 446 175 180 173 257
608 299 312 332 327 747 322 325 306 244 689
611 124 120 49 180 150 221 24 470 110 741
612 274 236 14 285 99 8 282 13 180 284
625 299 268 321 301 244 270 326 325 300 677
627 312 285 327 268 300 288 747 244 271 321
630 332 257 299 327 326 301 287 268 689 747
634 257 287 285 312 332 288 244 321 301 49
635 236 14 275 49 24 13 110 12 150 284
645 327 332 747 287 293 325 322 244 300 306
648 236 124 117 221 404 741 256 596 150 24
650 268 257 299 300 318 288 301 287 312 327
651 257 312 327 747 325 677 321 288 309 689
655 312 257 689 299 339 332 327 304 267 318
656 99 6 287 257 275 49 126 123 120 507
661 13 220 123 115 474 136 8 282 99 128
671 236 0 120 124 275 110 8 99 116 150
672 301 312 318 339 288 305 99 689 320 332
674 268 241 318 301 339 689 300 271 267 320
677 99 120 8 150 124 116 12 221 13 470
680 312 299 332 300 747 325 268 306 326 322
684 257 332 312 299 300 287 327 689 267 288
686 257 327 293 332 285 300 288 268 322 325
687 299 332 312 327 257 747 322 293 244 689
690 182 173 473 233 478 483 175 186 482 199
694 257 332 268 301 327 326 689 285 339 747
695 268 299 285 257 689 271 300 332 327 302
699 99 97 126 55 171 0 203 356 482 190
700 285 257 268 300 293 301 318 287 747 267
701 327 322 332 325 270 677 750 244 306 271
705 299 747 285 312 327 322 677 321 116 288
719 300 689 299 326 302 327 304 339 271 306
721 257 287 49 293 0 285 120 275 180 116
722 285 268 49 299 312 293 287 99 301 126
724 287 293 268 288 747 49 312 327 267 275
725 293 747 299 287 257 327 677 244 332 312
727 274 110 282 13 273 279 735 12 814 475
728 257 322 325 244 258 300 306 288 677 309
731 257 268 312 300 332 327 301 287 326 747
735 236 99 275 8 0 120 474 12 116 274
736 49 99 55 97 180 6 173 0 171 78
739 257 312 300 332 689 326 244 271 267 306
741 120 126 293 275 256 150 285 8 287 24
742 285 257 312 318 241 332 327 689 339 747
743 99 285 257 97 268 180 123 173 513 317
753 257 299 293 287 747 244 322 285 288 332
758 293 285 747 287 312 288 244 322 300 332
761 285 268 318 300 241 267 257 288 302 13
764 99 275 474 12 123 8 115 282 0 6
768 236 124 0 116 741 117 24 221 470 596
771 257 327 293 332 747 285 268 288 300 244
774 312 332 327 300 287 747 293 288 244 325
776 49 180 236 120 221 150 110 275 24 6
778 0 120 49 236 117 124 150 116 24 404
782 747 312 325 322 326 293 331 681 244 357
783 299 287 747 293 300 288 689 244 301 326
784 257 293 312 299 49 285 173 97 332 327
788 99 275 6 236 120 123 116 149 12 128
790 257 293 312 747 332 322 301 325 306 267
793 99 257 275 13 123 6 8 284 287 267
796 257 293 287 312 322 332 244 325 288 321
798 268 299 312 293 99 301 287 126 300 332
799 49 99 180 6 0 287 120 116 257 97
800 257 312 747 322 244 677 321 288 331 326
802 257 299 312 300 332 327 288 301 287 318
807 257 327 268 300 747 326 689 288 306 325
808 299 287 293 332 268 244 300 322 321 325
809 257 327 747 288 689 322 301 244 326 306
810 287 312 327 332 244 321 49 677 325 180
811 299 257 332 312 322 321 306 258 331 689
812 299 327 747 312 257 332 322 325 287 244
813 435 446 4 97 183 200 233 182 216 163
815 299 332 747 327 322 677 306 244 321 270
816 287 116 293 99 120 49 180 221 126 272
817 257 268 312 287 332 300 326 293 267 288
818 268 257 285 300 312 287 327 288 332 293
819 257 293 299 327 332 285 244 49 322 180
821 293 287 747 299 257 322 677 327 312 258
823 257 299 312 332 327 747 268 300 689 244
826 299 327 332 287 268 285 747 293 288 326
831 299 287 747 312 677 332 288 258 49 242
836 110 0 120 124 8 470 125 254 13 99
840 257 312 327 293 325 244 326 300 689 321
841 257 299 301 332 300 285 327 689 326 271
844 332 326 300 304 327 302 306 299 339 314
848 180 49 0 117 221 116 194 182 209 95
854 169 13 212 268 284 115 285 136 581 513
855 299 327 293 287 747 332 285 288 244 300
856 285 287 268 288 312 300 747 332 327 318
857 257 287 299 293 312 332 747 327 301 300
858 236 124 120 814 273 475 755 12 279 274
860 268 285 69 380 318 581 115 284 267 212
865 268 285 257 300 312 288 267 339 689 327
868 236 124 0 274 110 120 8 254 285 24
872 312 285 287 268 332 327 300 301 747 288
873 99 285 49 274 284 268 126 8 136 236
875 285 99 268 257 301 49 126 267 287 241
878 120 124 117 116 24 110 470 741 404 755
883 285 13 284 318 136 282 85 267 241 212
887 284 13 274 115 282 275 12 318 123 236
890 275 120 274 0 110 99 8 12 124 13
894 257 99 236 0 285 293 120 287 126 299
897 257 268 312 300 301 332 288 327 293 267
899 99 6 0 49 275 126 116 236 180 150
901 0 285 99 126 236 221 14 120 287 116
903 69 87 691 110 236 14 274 380 48 731
904 287 99 49 293 0 236 120 285 180 116
905 236 49 0 8 274 12 24 180 110 126
908 268 318 241 301 305 302 267 284 339 300
909 257 293 49 299 285 180 312 126 747 0
911 513 173 190 97 356 434 478 426 473 210
913 65 380 48 69 731 85 791 738 274 659
914 257 747 293 285 300 268 288 244 689 325
916 236 14 99 0 120 274 110 8 12 150
919 332 312 326 257 287 325 747 306 689 300
924 287 257 299 293 747 312 327 325 326 244
925 257 268 312 293 301 300 267 332 327 318
927 257 299 287 312 293 747 327 322 325 285
928 97 55 182 175 49 171 99 233 95 126
929 49 0 236 180 99 257 293 14 221 116
930 299 285 312 300 288 327 293 747 332 287
934 0 14 124 116 117 221 49 24 404 150
936 285 99 13 275 236 268 49 257 12 123
938 124 596 117 755 14 925 741 116 236 1046
940 49 287 99 293 0 126 120 221 747 299
