2 312 339 894 688 300 345 677 291 258 285
3 332 677 54 267 330 300 342 878 688 749
8 99 126 55 503 318 215 184 300 97 434
11 55 285 316 526 21 65 180 68 172 99
16 275 14 287 120 49 257 288 221 747 123
18 293 268 55 215 285 339 301 97 167 299
19 116 14 70 203 7 1027 49 124 317 471
26 236 126 275 272 180 122 249 457 116 281
28 270 327 257 332 326 321 324 320 288 271
29 299 747 321 322 357 268 287 271 514 203
30 268 873 603 886 481 479 22 299 647 345
31 257 120 49 747 0 180 292 236 299 410
32 287 299 331 325 330 298 688 321 747 349
33 326 322 306 287 257 299 321 686 318 330
34 322 293 287 987 244 686 329 288 681 262
35 876 269 327 537 300 331 326 753 299 333
36 180 120 225 227 143 567 430 471 127 1015
38 749 309 339 285 315 304 310 343 689 327
39 747 689 301 326 311 312 300 331 306 322
40 172 257 49 171 190 21 181 210 203 63
44 1027 1046 116 404 124 409 474 234 279 863
45 257 285 258 268 267 474 241 339 345 301
46 299 318 241 327 244 293 332 304 331 747
49 128 92 220 457 120 292 6 236 149 288
50 55 194 95 78 21 182 173 184 68 482
52 404 116 221 0 470 596 454 124 8 126
54 126 221 251 249 194 95 23 0 209 514
60 312 285 688 878 287 686 306 325 258 301
65 256 249 99 322 124 1013 117 545 273 312
66 409 117 410 925 762 1027 454 455 116 14
67 99 14 293 0 256 150 297 844 221 272
70 99 126 6 514 268 274 482 581 123 136
73 285 299 0 474 288 268 324 747 321 116
77 318 285 244 299 410 126 110 257 267 14
79 285 356 179 63 11 196 126 97 510 527
85 267 747 300 305 304 323 302 301 263 875
87 268 271 288 346 936 291 891 901 303 345
92 117 110 24 404 180 1046 273 49 472 283
97 207 203 237 193 661 691 152 12 299 791
102 0 482 1015 475 14 285 99 274 236 209
104 345 327 299 293 749 357 750 324 344 259
106 293 327 244 747 306 300 325 323 271 331
107 14 256 150 285 257 275 8 282 234 117
110 299 344 346 315 244 689 305 749 311 345
111 325 314 689 343 331 310 339 269 270 291
112 299 301 747 136 14 284 259 300 128 983
113 173 133 208 193 184 602 78 22 522 479
119 470 117 49 99 221 299 275 180 684 146
122 190 526 236 356 136 602 317 14 320 704
123 175 88 55 567 178 187 81 152 131 30
125 346 872 357 300 747 267 285 679 881 298
126 312 889 269 750 537 268 878 180 258 108
128 327 305 288 304 689 325 878 309 270 321
130 236 474 115 12 49 282 14 302 110 24
131 99 12 0 513 474 6 22 514 180 434
132 747 322 270 346 677 309 689 878 302 288
133 271 321 287 309 303 332 244 270 306 288
135 49 284 221 0 301 530 6 247 11 257
136 126 293 987 251 297 257 175 124 322 23
137 274 123 8 477 152 203 207 282 22 125
138 123 514 257 474 8 268 292 0 689 293
139 287 299 326 327 332 320 298 323 291 261
141 342 312 171 257 537 173 116 78 538 346
142 331 747 244 299 689 677 269 309 301 288
145 747 320 331 304 315 287 332 285 749 325
146 314 346 285 310 299 271 305 307 309 241
148 288 331 332 306 287 689 315 298 241 747
149 6 236 8 285 507 110 221 14 293 812
152 182 285 95 11 287 175 299 317 209 321
153 97 55 22 126 167 656 171 182 203 482
154 321 257 677 299 298 244 686 288 258 689
155 126 22 426 482 190 181 478 133 510 49
156 256 120 247 470 248 236 14 23 284 180
161 404 409 99 545 123 185 474 23 117 256
162 312 301 327 302 293 332 267 167 203 173
164 0 49 293 172 95 322 270 357 55 507
165 258 271 677 682 689 244 309 268 303 270
168 285 182 503 184 510 305 288 337 134 241
169 331 299 747 242 320 878 259 326 1024 329
170 306 271 344 346 299 332 270 749 300 315
171 196 480 498 478 660 503 662 284 237 491
172 257 244 332 287 303 874 324 747 306 872
174 97 317 68 181 78 173 116 96 199 184
178 312 346 310 343 348 351 349 688 897 341
181 150 14 126 317 24 275 274 117 8 234
182 565 182 49 37 691 514 553 81 384 509
184 99 305 63 193 630 190 0 356 318 13
190 346 309 343 257 689 311 353 345 747 270
191 404 285 318 180 284 596 236 221 274 323
195 49 715 318 274 87 203 304 167 300 721
198 303 299 747 288 318 682 49 287 221 136
201 49 180 602 293 274 173 193 7 152 55
202 299 124 14 747 507 327 332 677 297 108
203 318 268 293 305 288 304 325 115 13 327
204 322 878 244 293 300 287 291 872 320 331
207 209 691 3 152 167 708 237 450 791 482
208 312 514 6 115 136 12 339 750 269 274
210 49 241 293 257 106 99 173 221 479 193
211 169 461 49 581 356 192 659 57 257 68
217 237 181 97 91 78 201 209 495 691 320
218 173 299 549 830 325 301 267 27 514 269
219 326 301 327 323 244 241 306 747 320 312
224 131 198 204 422 317 495 660 173 519 321
225 99 49 180 0 221 514 126 115 120 189
227 267 299 268 10 11 293 179 356 257 68
228 300 270 689 322 306 345 309 332 269 288
230 14 236 256 124 117 283 221 110 285 116
236 49 193 510 477 434 483 174 167 485 479
237 221 49 24 747 14 125 254 249 236 116
239 331 257 337 332 314 537 270 327 310 344
240 330 332 270 268 337 326 257 750 878 339
241 470 306 123 507 99 287 285 250 241 689
244 0 242 117 108 224 293 120 256 404 747
246 312 257 274 180 747 285 404 236 99 249
251 282 12 287 272 9 149 14 221 120 284
257 299 244 321 537 325 681 346 677 300 268
258 245 49 272 409 10 55 99 267 317 422
259 327 357 330 328 331 680 872 688 322 750
260 299 322 677 331 327 332 257 318 681 872
264 293 0 275 120 285 8 321 24 404 146
265 288 301 115 300 257 99 275 8 302 268
271 317 186 185 215 483 86 179 152 201 191
272 268 285 257 301 300 345 305 299 343 353
277 299 301 271 306 49 332 339 344 345 288
280 299 327 872 312 747 677 878 242 750 291
281 327 300 323 747 285 345 263 244 302 312
282 0 1046 275 14 104 24 3 356 116 7
283 270 310 287 326 325 314 241 293 315 244
284 49 285 293 180 747 55 270 327 339 6
288 596 116 117 825 180 283 49 819 865 110
299 747 987 322 257 677 244 410 332 297 357
301 299 325 331 677 242 287 263 258 259 285
303 747 322 677 257 244 987 872 750 537 686
305 284 123 296 236 125 0 410 301 8 136
308 321 304 873 288 301 328 291 293 320 677
309 0 249 282 312 285 992 404 750 241 251
316 332 342 257 331 357 688 323 326 324 894
318 326 270 299 287 327 894 886 288 257 747
321 99 55 339 656 275 177 526 97 272 483
332 49 285 193 196 271 288 203 210 327 236
334 293 325 285 271 330 301 326 878 267 357
336 117 404 251 545 596 471 297 747 0 299
339 201 431 190 96 98 497 167 490 68 426
340 331 880 345 679 263 877 260 332 265 306
348 6 24 716 545 281 594 280 128 221 149
349 483 126 473 133 95 55 317 510 179 174
350 689 328 338 268 330 332 271 337 257 258
351 209 21 202 186 173 10 683 203 22 650
352 312 287 747 306 301 346 268 688 322 293
354 267 302 304 257 677 989 269 293 244 1175
355 322 300 689 749 268 303 677 331 343 750
357 59 610 171 190 169 63 663 133 134 646
358 221 270 49 257 596 256 287 514 474 248
361 878 325 326 270 306 681 677 342 330 339
363 326 323 327 242 322 321 299 747 257 258
365 378 443 669 550 566 589 451 440 182 144
367 184 199 442 257 412 163 293 440 799 451
368 257 679 248 265 339 268 323 172 747 407
370 55 203 175 229 88 210 227 171 95 194
374 233 332 55 447 641 11 97 52 330 37
375 474 285 99 318 49 301 136 172 299 275
376 299 327 301 293 184 332 268 173 269 321
381 184 284 180 285 181 123 173 287 656 193
383 322 257 287 321 330 325 314 267 689 677
385 830 471 249 180 840 146 251 256 826 283
387 293 244 6 242 321 747 750 49 117 285
389 13 241 14 275 287 293 284 49 221 306
394 293 299 221 68 404 116 117 747 288 287
395 117 684 146 826 322 312 747 405 830 293
399 312 244 321 325 309 270 301 288 677 314
402 0 404 49 741 124 236 14 272 281 24
403 287 285 750 325 300 337 889 321 270 314
407 267 288 268 332 345 339 306 322 244 677
409 271 309 750 300 301 749 244 878 332 343
410 172 97 96 95 215 173 63 69 182 745
411 97 167 0 49 182 99 10 88 155 131
412 747 99 293 236 284 330 267 0 287 241
413 285 267 312 268 326 327 270 318 332 357
414 204 167 285 299 49 173 178 97 473 193
417 306 271 346 353 750 309 293 339 688 689
418 514 482 126 854 479 212 193 296 510 221
419 285 339 0 284 268 49 320 312 323 922
423 299 303 675 327 257 538 321 686 677 124
426 326 333 321 300 872 287 242 329 241 456
427 309 268 327 345 747 332 688 257 287 872
430 327 287 309 677 257 270 288 325 242 258
432 287 99 327 288 257 474 326 512 269 479
433 277 0 279 281 741 925 404 844 24 275
437 281 124 126 293 125 24 274 116 110 150
438 8 285 293 312 409 0 221 257 276 116
439 747 269 342 257 13 268 267 285 305 321
440 299 747 221 257 124 180 49 146 288 303
442 287 323 263 324 325 244 309 258 327 321
443 314 689 221 315 0 301 303 126 236 749
445 288 299 337 309 330 304 241 321 688 338
447 310 305 345 346 271 299 312 879 241 311
460 285 299 339 287 244 300 327 321 314 288
461 293 321 244 747 257 327 306 268 285 879
463 244 322 302 241 326 49 305 99 337 875
466 180 249 1066 120 128 409 345 507 150 323
468 478 173 479 518 527 49 614 178 44 190
469 123 1007 1016 150 236 272 126 14 297 120
470 70 180 945 819 431 472 495 418 1218 992
472 285 284 474 99 220 282 149 257 223 323
474 271 268 299 339 293 747 274 300 287 301
476 273 65 110 1118 219 274 715 277 282 1060
480 193 285 167 482 299 293 78 126 68 274
481 257 299 285 293 322 326 306 180 346 312
482 514 226 227 24 422 257 124 428 190 171
484 257 299 301 314 331 271 326 339 304 332
489 221 108 249 120 275 128 457 267 124 274
490 136 275 320 49 301 8 13 125 11 286
491 193 49 520 356 22 483 179 57 514 190
493 126 257 275 171 204 124 299 317 68 470
501 681 747 537 322 265 327 361 688 900 687
506 300 257 345 288 293 341 180 1015 254 271
508 293 327 747 268 332 322 339 269 285 312
509 327 747 325 681 331 326 303 306 679 983
510 257 331 322 327 349 677 306 330 326 342
511 507 21 287 97 750 650 186 590 175 293
512 596 120 256 677 514 1015 830 95 0 23
514 271 688 750 332 897 310 244 303 311 345
515 126 747 514 510 268 257 172 215 256 294
516 312 120 254 180 273 256 117 116 288 741
518 342 681 345 330 871 880 875 357 270 947
519 312 257 332 747 321 14 125 244 300 110
521 473 186 181 185 182 173 97 55 63 155
524 116 180 49 281 273 470 6 545 741 283
527 204 215 519 194 418 63 264 190 213 482
528 747 299 677 332 288 259 267 338 874 258
529 293 68 215 317 180 172 193 27 78 275
530 312 306 293 688 327 309 300 753 268 878
538 190 210 300 487 13 215 481 654 320 513
539 236 287 150 120 275 274 297 116 747 24
543 747 299 306 878 321 269 244 332 268 677
545 116 405 306 681 218 217 747 447 301 322
546 268 271 299 306 287 345 285 304 244 267
548 404 14 1027 221 256 293 596 322 116 234
549 256 677 750 249 257 285 242 117 274 14
554 267 99 221 136 844 0 332 123 97 234
555 179 285 190 49 172 321 356 481 660 135
556 257 879 180 323 247 677 285 301 249 474
557 284 220 136 12 8 223 276 275 302 320
562 870 251 110 404 87 1015 392 120 825 221
563 306 750 404 249 251 257 300 688 897 314
564 528 581 922 223 521 1120 19 274 59 58
569 299 327 267 268 293 326 332 321 241 318
570 478 481 171 513 426 606 133 49 191 198
571 300 274 812 284 743 0 282 125 14 257
572 180 198 190 482 186 514 133 510 522 509
573 285 312 304 306 300 305 327 267 311 310
574 257 173 27 434 285 99 55 299 68 356
575 287 285 99 221 987 110 120 0 126 150
577 747 270 259 285 327 267 686 299 248 324
579 287 116 117 677 236 471 256 23 259 684
580 13 9 285 241 123 120 407 115 12 18
581 239 23 108 117 116 0 472 925 824 146
582 123 332 473 173 301 97 581 517 78 185
583 379 180 227 49 173 88 61 172 256 746
588 327 747 331 342 314 268 244 750 303 682
589 812 470 136 507 279 49 19 24 120 814
593 274 126 8 99 293 288 514 275 299 320
595 285 741 507 0 331 8 49 325 747 327
596 256 747 120 404 285 1046 290 257 595 274
597 314 345 750 331 343 309 271 354 347 681
598 293 14 327 124 331 279 1047 973 24 761
601 299 287 322 221 257 242 150 99 270 686
602 49 226 257 227 81 88 143 342 167 430
603 97 446 670 435 671 451 218 558 563 49
606 268 513 126 49 282 514 99 285 646 198
608 682 312 747 987 332 49 260 300 357 679
610 301 271 681 326 344 315 304 270 257 337
611 677 254 180 150 49 124 277 1196 741 322
612 285 173 514 14 156 236 68 356 534 321
613 117 236 110 14 124 239 1027 6 150 411
615 244 331 300 306 353 293 301 689 315 309
622 293 55 256 176 99 152 97 181 175 236
625 299 259 321 677 679 326 269 682 318 342
627 267 681 303 320 285 300 305 306 268 327
630 301 268 287 750 299 339 344 332 315 343
632 99 420 173 95 96 312 299 128 281 3
634 287 321 288 267 325 331 301 285 677 332
635 49 236 180 150 13 6 285 12 24 404
640 481 478 174 1148 193 479 602 134 126 189
643 677 285 244 287 686 404 221 294 679 117
645 338 747 322 537 271 258 872 894 293 897
646 180 251 173 214 142 545 878 322 49 321
648 256 251 404 254 684 221 117 596 236 247
650 318 257 320 299 304 689 302 303 268 323
651 327 180 747 257 312 288 242 221 331 404
655 299 327 306 312 878 311 267 304 339 261
656 99 6 312 287 49 257 12 116 275 309
661 13 126 220 241 99 8 474 136 236 846
666 654 210 196 301 63 320 181 513 21 285
667 312 300 301 267 120 750 180 749 326 872
669 135 171 434 426 704 485 172 203 96 193
671 117 12 286 472 865 0 284 256 125 150
672 301 312 689 306 309 311 339 345 332 288
673 747 236 180 257 321 471 110 327 925 258
674 291 271 268 296 164 241 1295 284 312 864
676 257 293 457 99 689 14 8 24 124 287
677 8 273 99 117 150 120 470 282 124 283
678 172 317 422 97 86 10 178 190 237 78
679 49 180 0 6 274 236 282 474 256 126
680 312 322 270 747 750 677 686 267 299 346
684 288 267 287 261 320 244 345 302 331 321
686 257 331 342 327 322 293 321 270 258 300
687 293 330 257 322 894 687 332 312 299 341
688 180 0 116 741 287 236 99 257 8 545
690 172 199 614 186 180 99 215 287 422 47
691 1027 475 49 318 863 268 300 215 254 257
694 326 268 301 285 257 339 302 689 244 344
695 268 271 285 257 344 299 689 302 99 327
699 194 203 171 68 190 256 175 63 97 208
700 285 268 300 301 257 346 750 747 293 244
701 270 449 677 894 180 379 750 242 688 285
702 99 124 14 150 110 120 741 244 285 677
705 146 236 275 116 281 285 299 545 590 312
712 271 345 689 750 302 311 304 1023 1104 332
713 117 256 124 146 741 475 221 1046 925 24
717 596 116 281 146 1015 124 747 327 0 6
718 14 470 124 203 762 275 293 190 508 97
719 304 302 345 689 339 306 881 271 343 310
721 0 24 14 8 741 116 293 287 275 716
722 407 180 317 285 356 208 172 49 303 293
724 287 293 236 288 318 747 241 303 49 275
725 747 249 404 762 689 755 293 865 23 49
727 8 110 275 285 0 470 299 257 117 6
728 322 270 257 314 242 749 342 889 309 677
729 287 293 285 267 281 254 244 474 322 120
731 327 326 241 302 873 318 268 257 291 878
733 49 0 180 7 27 482 236 215 70 130
734 287 301 236 299 13 120 49 14 590 293
735 251 297 249 294 293 248 296 326 257 1011
736 180 208 49 167 173 178 654 317 237 209
738 97 49 209 173 650 293 287 7 299 233
739 257 300 244 689 322 326 320 872 302 332
741 150 256 126 149 120 8 24 123 404 275
742 285 241 257 244 327 332 749 49 318 321
743 99 123 181 257 287 110 180 474 6 284
744 49 175 181 126 198 704 8 434 88 356
745 227 194 173 384 120 228 21 404 209 175
749 257 263 325 288 241 331 306 332 322 242
751 268 314 749 327 332 267 311 353 901 302
752 126 689 55 97 299 63 506 520 478 182
753 299 124 590 814 274 99 280 596 684 110
754 327 878 267 331 300 257 322 332 285 325
758 322 596 14 293 281 747 244 117 236 249
759 173 293 583 420 78 142 814 545 152 567
760 747 263 321 285 322 404 514 120 1314 256
761 267 274 149 13 249 1013 250 285 19 282
764 115 514 99 180 513 123 318 474 254 18
766 193 285 49 210 479 513 303 227 184 134
767 254 236 257 273 14 300 282 747 124 180
768 1046 596 6 256 24 116 471 248 1015 117
769 285 293 318 275 126 99 236 322 267 320
770 285 267 13 172 69 49 299 322 203 587
771 257 293 244 747 285 327 332 268 330 689
774 312 346 339 287 270 688 323 293 753 332
776 522 513 49 195 293 844 221 193 136 317
777 68 214 167 654 66 317 402 153 418 63
778 150 116 49 120 0 475 404 117 293 747
779 434 49 184 209 603 233 203 55 210 99
780 356 49 55 97 68 293 175 21 171 11
782 326 267 339 269 312 301 357 298 878 323
783 689 747 299 321 244 330 346 331 301 293
784 97 143 602 237 184 171 49 257 152 677
786 312 293 343 881 331 311 899 361 300 1312
788 99 236 275 12 149 256 284 6 150 14
790 293 747 257 322 331 99 306 301 325 320
791 283 116 404 14 124 741 409 927 684 234
792 474 245 741 116 124 6 409 290 1011 92
793 221 99 136 514 150 256 6 595 92 236
796 287 257 326 258 318 322 293 244 321 300
798 180 299 293 126 922 750 356 327 184 321
799 49 285 99 116 180 257 14 244 404 120
800 312 257 322 331 244 688 681 330 326 270
801 287 321 218 199 435 97 327 163 182 636
802 299 878 304 327 257 258 307 300 326 269
807 257 267 326 268 327 306 300 325 271 288
808 299 244 287 293 322 321 268 314 332 750
809 257 327 321 747 322 306 301 258 288 305
810 312 750 749 321 677 327 268 244 320 242
811 321 322 326 332 242 257 299 318 263 331
812 242 265 312 342 750 322 303 260 686 689
813 446 435 97 233 216 451 568 440 183 144
815 322 897 677 894 347 747 332 270 324 259
816 287 116 324 120 272 684 180 404 332 49
817 312 268 271 878 747 749 267 885 339 314
818 268 300 254 947 55 241 285 315 747 244
819 299 339 257 271 327 268 750 332 293 357
820 236 8 68 214 150 470 24 124 221 49
821 312 0 150 870 188 116 677 41 507 750
823 257 244 326 323 258 299 332 987 318 327
826 299 332 285 287 309 353 306 327 293 311
828 0 474 78 49 180 630 706 82 136 9
830 312 293 750 627 507 321 677 259 309 172
831 288 287 747 677 299 236 331 242 987 303
833 236 285 256 120 299 180 110 221 267 747
835 7 184 186 172 131 97 208 22 135 167
836 110 125 0 115 120 99 1151 814 49 286
837 49 282 257 171 173 0 268 190 267 120
838 287 272 292 293 124 247 14 281 234 300
840 312 750 325 327 309 337 878 300 537 293
841 270 749 271 342 309 689 337 897 688 301
843 0 654 221 195 82 126 172 171 90 174
844 343 304 1061 270 1175 346 361 341 897 344
848 116 288 70 10 180 95 78 49 422 404
849 193 0 434 78 587 49 215 152 519 87
851 471 0 116 221 14 303 224 146 257 120
852 321 332 306 681 324 259 338 309 312 879
854 274 581 165 169 381 51 854 82 510 69
855 747 299 327 285 271 268 293 270 330 891
856 287 285 303 322 221 0 269 312 300 180
857 301 293 257 287 299 49 326 126 312 332
858 236 277 273 287 814 254 844 245 121 762
859 268 301 65 738 215 314 327 87 261 318
860 318 581 285 706 56 287 164 96 64 698
864 287 150 0 819 99 257 407 332 1046 925
865 302 285 268 300 303 873 257 267 310 326
866 171 172 179 750 143 126 68 264 181 482
868 236 475 285 24 256 126 224 150 299 863
871 244 312 116 281 14 277 545 124 828 470
872 312 285 287 300 689 268 322 303 306 332
873 285 257 267 318 301 49 507 284 99 474
874 133 88 602 55 203 78 7 196 481 287
875 99 126 317 49 55 513 318 474 190 169
876 212 267 197 288 301 312 172 87 287 96
878 124 741 120 49 116 180 293 117 322 863
883 110 528 212 13 285 708 747 236 82 318
884 422 98 110 215 392 203 7 201 65 68
887 126 654 236 434 203 193 11 581 125 356
890 275 99 273 274 741 110 8 283 117 0
892 287 762 870 221 149 6 180 49 741 150
894 126 120 256 0 299 404 221 475 117 150
897 257 267 288 689 339 327 270 312 293 326
899 236 126 0 49 280 68 99 495 125 131
900 221 150 49 203 120 0 126 201 117 293
901 285 256 126 173 327 78 95 270 241 747
902 11 237 49 590 290 31 7 3 201 526
903 110 287 236 274 312 69 581 698 401 552
904 287 99 331 285 236 8 116 747 275 306
905 8 123 287 285 128 236 0 507 590 150
906 110 275 287 236 274 49 282 741 14 293
907 63 237 99 602 27 233 6 173 49 0
908 305 257 293 318 936 212 223 282 321 241
909 49 275 180 0 257 126 120 297 221 404
910 431 418 132 153 131 417 7 419 233 150
911 152 97 190 208 356 215 483 366 516 65
913 65 581 736 69 24 738 85 401 552 579
914 257 325 747 331 330 339 321 285 301 689
916 507 236 0 99 8 474 110 14 248 180
917 51 708 68 461 356 190 508 215 460 511
919 688 306 332 312 747 878 257 326 271 339
920 404 93 116 209 49 236 27 741 384 317
921 404 401 392 180 422 117 167 203 120 385
922 146 404 120 596 288 299 281 6 741 684
923 180 274 426 78 49 8 99 209 479 181
924 287 321 327 293 299 871 326 257 325 291
925 327 257 244 301 312 322 300 293 271 332
926 120 180 226 24 108 150 93 121 203 404
927 287 184 55 293 968 175 199 499 602 473
928 495 750 175 11 186 55 171 152 95 185
929 180 299 14 49 257 0 741 236 865 99
930 256 285 293 312 314 299 897 282 110 296
934 281 117 684 14 49 116 254 404 24 596
935 245 256 247 1011 149 257 918 287 116 285
936 285 268 301 302 13 99 288 12 257 14
937 117 287 596 120 236 410 404 741 6 116
938 1027 20 844 327 293 299 124 249 116 1048
939 312 257 317 97 215 747 689 322 325 356
940 49 0 221 120 684 256 332 249 150 117
941 317 173 0 271 750 357 314 356 587 876
942 120 402 78 68 143 283 549 117 232 281
