0 474 171 422 404 402 203 27 274 514 317
1 285 274 8 320 14 301 743 244 318 689
2 312 339 285 894 681 291 357 345 747 688
3 332 330 677 325 244 300 285 878 689 301
4 216 183 558 81 160 587 576 674 209 163
5 180 602 495 171 653 284 47 656 221 236
6 49 217 163 440 210 356 196 524 183 221
7 299 264 229 285 287 233 225 565 747 11
8 126 99 318 300 55 210 309 196 288 184
9 513 22 203 317 478 442 186 207 11 285
10 172 274 450 49 209 287 201 293 654 312
11 55 285 68 172 21 78 99 69 180 233
12 217 303 175 258 431 244 134 647 524 181
13 0 136 285 275 434 152 7 193 24 168
14 99 283 116 125 596 275 514 244 303 321
15 49 217 184 180 195 175 209 172 22 237
16 275 14 49 287 257 120 126 221 288 123
17 82 356 172 132 380 654 661 510 605 432
18 293 268 55 285 299 215 301 300 167 97
19 14 116 70 49 203 1027 124 236 7 78
20 671 333 322 680 52 408 329 681 332 331
21 232 55 256 182 173 81 394 87 66 390
22 180 167 134 172 189 209 196 185 178 434
23 49 275 6 267 0 180 167 173 171 150
24 171 167 587 495 190 422 434 482 70 522
25 287 281 272 247 146 274 471 470 410 844
26 275 236 126 272 180 122 6 116 281 249
27 182 180 558 52 171 568 636 451 312 134
28 257 326 270 327 332 321 271 287 288 339
29 299 747 321 268 322 287 270 327 357 221
30 268 603 481 886 345 873 304 653 285 22
31 257 49 120 180 0 747 236 299 292 545
32 287 299 331 325 330 747 321 688 298 258
33 326 299 257 287 306 322 318 327 301 321
34 322 293 287 987 686 244 288 329 681 298
35 876 327 269 299 331 748 300 333 322 326
36 180 120 225 143 1015 567 227 471 232 249
37 163 209 677 180 221 62 412 49 218 226
38 749 285 310 689 309 301 315 339 311 343
39 747 301 312 326 300 689 287 311 306 288
40 49 172 171 257 203 190 21 209 181 63
41 392 55 217 281 185 21 224 237 377 190
42 201 124 142 131 21 287 281 654 738 12
43 180 233 150 182 27 431 209 21 116 317
44 1027 1046 404 239 116 124 409 234 273 863
45 257 285 268 339 301 267 345 300 258 309
46 299 318 241 293 327 244 332 304 325 331
47 257 196 175 134 434 133 299 210 179 519
48 474 287 183 671 557 435 446 200 88 199
49 128 92 6 220 149 236 457 13 292 120
50 173 182 55 194 95 78 97 175 21 184
51 0 49 13 285 275 282 180 6 273 8
52 404 116 221 0 126 596 470 684 236 454
53 299 293 281 1010 409 507 110 285 590 221
54 221 126 251 249 95 194 297 23 0 175
55 392 404 71 27 738 65 239 216 3 410
56 256 120 0 117 146 454 121 234 1011 126
57 6 167 275 116 78 507 301 55 420 128
58 142 221 7 27 116 477 152 85 274 545
59 482 134 422 126 602 519 518 503 647 227
60 312 285 287 688 306 271 878 258 325 537
61 6 150 24 116 78 190 274 185 514 245
62 274 150 6 284 120 256 180 8 123 92
63 171 203 116 285 192 426 650 473 431 98
64 356 236 203 173 131 142 275 274 57 185
65 256 249 117 124 99 150 221 545 747 273
66 409 925 117 762 410 116 596 1027 455 454
67 99 14 0 293 150 256 221 844 283 297
68 275 285 326 126 324 292 323 409 0 221
69 171 0 257 194 153 417 143 293 6 226
70 99 126 6 268 257 514 274 97 136 482
71 182 21 482 85 156 178 236 143 222 196
72 167 173 49 171 257 97 208 180 215 203
73 285 299 268 474 0 288 324 747 320 318
74 6 180 14 49 287 221 275 256 470 865
75 267 474 245 339 1072 197 918 272 178 10
76 116 63 203 97 6 78 179 182 221 185
77 318 299 285 110 244 257 320 267 410 747
78 284 474 301 13 220 8 241 304 126 296
79 285 356 179 63 196 317 11 190 97 68
80 14 762 239 234 116 124 12 844 761 8
81 117 116 256 97 94 236 233 257 125 426
82 49 87 256 933 741 236 471 587 677 201
83 49 8 470 180 117 126 124 55 280 222
84 473 180 195 136 21 639 201 662 171 130
85 267 747 300 323 305 304 302 339 301 681
86 167 193 55 411 256 116 745 225 28 406
87 268 936 271 346 288 291 302 338 326 315
88 69 284 285 115 24 275 273 19 318 8
89 512 581 282 275 486 318 735 134 49 22
90 182 198 299 257 184 193 132 660 293 285
91 24 549 69 216 150 68 126 469 16 297
92 110 24 117 236 1046 755 404 273 180 49
93 558 225 187 238 181 230 70 746 366 94
94 49 55 434 230 226 221 229 500 153 417
95 174 167 171 208 495 356 233 203 191 209
96 473 479 208 55 180 175 482 184 233 178
97 203 207 193 237 241 285 152 691 196 201
98 293 332 14 150 8 221 288 306 300 301
99 300 330 331 314 306 345 681 328 897 349
100 14 471 24 409 1027 273 475 762 684 863
101 226 1 677 173 678 171 21 6 451 99
102 0 14 482 99 285 274 236 297 514 1015
103 120 297 0 327 8 320 318 409 92 741
104 345 299 327 293 357 749 259 330 750 324
105 317 282 236 69 214 735 49 196 126 169
106 327 293 244 747 306 300 325 271 331 345
107 14 285 256 8 150 257 275 282 116 24
108 55 49 384 21 37 27 470 745 1 183
109 402 719 327 650 3 553 28 398 91 349
110 299 346 344 689 315 305 749 345 311 309
111 689 314 325 343 331 310 291 339 269 304
112 299 301 747 275 333 332 871 300 128 306
113 173 193 133 208 184 171 479 510 134 483
114 99 275 317 0 128 149 63 202 150 174
115 268 315 126 751 326 325 947 681 269 244
116 146 99 248 245 117 454 110 293 507 124
117 178 182 446 99 233 218 655 95 1072 11
118 14 117 470 257 0 283 256 747 1010 288
119 49 117 470 180 99 221 299 684 596 275
120 285 6 110 14 257 150 470 221 0 280
121 654 57 701 196 96 63 517 156 195 178
122 190 356 136 317 236 193 602 526 210 268
123 175 88 55 178 155 180 81 567 182 264
124 168 153 65 432 150 654 188 709 513 41
125 872 300 346 357 267 306 747 268 309 298
126 312 750 889 269 537 258 180 268 682 878
127 317 734 698 27 21 356 274 161 7 581
128 327 305 689 304 878 288 309 300 325 332
129 257 116 6 120 143 322 337 259 16 368
130 12 115 282 236 474 49 110 257 14 24
131 99 513 474 12 0 22 6 180 514 31
132 747 322 270 309 346 689 301 300 306 677
133 271 287 321 303 244 309 332 306 288 270
134 91 52 272 4 181 225 217 664 95 16
135 49 284 221 6 257 0 180 301 12 11
136 126 293 251 322 297 257 677 987 124 287
137 274 477 8 123 49 126 275 203 22 190
138 123 257 8 275 514 474 268 292 284 272
139 287 299 326 327 332 320 291 298 323 325
140 293 180 741 1015 410 110 684 23 865 594
141 312 257 342 171 267 268 173 538 271 270
142 299 331 244 747 689 301 309 677 269 326
143 136 120 221 274 268 514 282 78 10 12
144 287 217 332 120 146 747 147 322 124 76
145 304 320 315 331 332 747 749 689 343 302
146 285 346 310 314 301 299 271 305 309 343
147 98 422 94 27 479 172 81 418 126 182
148 332 331 306 288 287 689 305 298 291 241
149 6 236 507 8 110 285 293 257 221 14
150 134 27 526 201 142 126 178 172 179 478
151 814 721 475 470 215 450 741 0 49 69
152 285 287 182 299 95 11 175 321 317 244
153 97 55 22 99 126 167 656 602 182 233
154 321 257 299 288 244 677 298 686 258 689
155 22 126 181 482 190 426 285 478 49 193
156 256 120 247 236 470 248 14 180 257 844
157 11 404 684 6 229 12 514 553 264 194
158 287 299 256 321 1046 297 14 844 180 408
159 97 120 237 180 126 155 11 221 146 185
160 274 0 210 356 513 268 284 426 215 236
161 409 404 99 55 272 23 545 474 117 256
162 312 301 327 293 267 332 167 314 302 339
163 293 287 545 327 14 146 49 0 976 256
164 293 0 49 172 270 171 357 322 747 97
165 258 677 309 271 689 268 303 270 288 537
166 753 185 522 68 180 193 179 14 595 496
167 236 180 49 470 110 147 126 1027 475 285
168 285 288 182 184 510 193 293 321 503 337
169 299 331 747 242 288 878 320 326 1024 285
170 271 346 306 344 299 332 300 749 310 315
171 480 196 498 660 503 478 491 662 520 181
172 244 257 287 332 303 747 324 306 872 874
173 24 293 273 755 865 87 366 410 1046 814
174 97 173 78 317 68 184 180 181 356 96
175 301 268 300 332 299 747 123 345 312 275
176 263 324 97 155 327 356 285 345 1072 681
177 173 68 117 327 172 110 251 150 181 356
178 312 346 343 310 349 348 688 311 897 351
179 69 178 581 1073 450 3 654 401 167 238
180 993 543 1032 369 286 244 935 106 1136 292
181 150 14 275 126 8 317 24 124 117 274
182 565 49 553 81 182 514 37 160 78 402
183 178 196 110 203 508 134 731 708 3 210
184 99 305 190 13 0 63 97 356 581 193
185 244 325 878 327 306 330 322 281 4 294
186 654 203 317 381 173 169 356 57 49 153
187 182 49 214 175 171 116 384 181 422 11
188 212 189 13 168 477 169 97 514 426 284
189 287 306 322 677 285 330 8 236 688 321
190 346 343 257 309 689 310 311 345 270 353
191 404 285 318 236 284 299 274 180 12 596
192 271 49 332 314 215 315 346 345 244 180
193 207 683 317 95 175 232 10 377 162 230
194 287 294 538 6 49 82 267 545 0 249
195 274 167 318 49 300 87 293 203 715 513
196 750 314 268 143 326 330 342 11 337 226
197 95 203 143 287 88 21 11 150 256 27
198 303 299 288 747 318 49 287 221 274 256
199 180 21 143 565 402 251 256 126 1027 96
200 6 216 134 568 432 326 469 473 245 652
201 49 180 274 173 193 602 126 293 196 7
202 299 747 124 14 120 285 677 327 297 332
203 268 318 305 304 288 293 115 284 271 327
204 322 293 244 287 300 878 331 291 258 872
205 346 343 302 304 897 344 306 310 326 300
206 49 404 0 117 256 47 1015 221 522 273
207 691 152 209 167 237 482 3 268 658 647
208 312 514 750 269 115 274 747 301 12 267
209 293 195 193 172 366 65 27 99 495 238
210 49 257 293 241 173 747 221 242 479 99
211 581 461 169 49 356 659 257 173 68 57
212 97 182 95 236 88 194 275 21 281 741
213 257 285 123 918 208 149 128 196 514 169
214 172 68 78 96 317 160 95 264 152 418
215 116 287 120 185 180 110 172 150 761 95
216 404 226 227 1015 54 160 430 183 228 264
217 237 181 97 201 78 186 91 209 473 301
218 173 299 301 269 296 305 514 325 791 549
219 326 301 327 323 244 241 320 747 306 312
220 10 143 409 116 232 287 181 67 225 549
221 97 404 229 565 183 789 719 1027 1046 596
222 14 470 244 677 180 814 747 49 277 146
223 236 470 316 689 288 370 287 938 734 154
224 198 131 204 317 660 173 495 68 422 356
225 49 99 180 221 126 514 0 474 120 136
226 507 236 257 918 0 221 247 234 150 256
227 268 267 257 293 299 179 68 11 288 320
228 300 689 309 306 332 345 269 270 322 267
229 68 422 142 132 194 317 14 192 214 482
230 14 236 256 124 116 117 221 283 110 293
231 285 257 11 173 178 136 167 179 474 479
232 134 426 180 179 198 171 21 581 182 473
233 658 513 202 632 493 630 614 274 661 502
234 854 285 88 172 133 513 312 126 257 63
235 120 0 117 21 281 124 470 214 275 95
236 49 193 479 483 434 510 174 653 614 167
237 49 221 14 254 24 236 116 747 0 249
238 479 656 22 196 284 655 356 190 172 31
239 257 332 327 331 314 309 301 337 270 537
240 332 257 270 326 330 268 327 339 300 337
241 285 287 507 470 241 284 332 99 274 844
242 8 99 275 69 125 706 19 96 120 44
243 422 24 55 120 3 201 411 64 97 87
244 0 117 224 293 120 256 242 404 14 124
245 6 55 52 216 404 182 199 217 78 221
246 257 312 285 274 180 747 236 293 99 314
247 55 221 287 257 11 194 143 199 150 297
248 126 287 474 275 203 146 150 149 117 409
249 285 267 507 275 357 149 172 120 184 288
250 126 272 283 275 173 596 514 8 545 24
251 282 12 284 123 149 9 287 120 221 14
252 173 180 171 356 68 194 264 143 203 650
253 227 403 160 293 449 632 443 484 100 142
254 927 378 180 147 362 976 357 183 768 163
255 716 158 596 272 933 280 147 110 99 273
256 284 282 267 339 318 8 212 812 250 299
257 299 258 300 537 244 321 325 681 268 306
258 49 245 55 10 99 6 272 267 236 317
259 327 688 357 331 322 328 330 680 878 337
260 299 322 677 327 331 332 257 288 872 681
261 172 203 7 150 167 215 69 583 195 96
262 171 426 180 285 190 312 192 704 210 215
263 318 427 507 208 395 217 301 151 233 12
264 293 0 120 285 275 8 24 321 404 288
265 288 257 301 99 268 300 115 299 8 275
266 88 430 194 182 95 635 180 160 1 209
267 430 174 409 448 366 379 201 27 238 28
268 3 11 381 731 442 478 24 78 96 143
269 99 55 293 19 743 948 324 245 110 275
270 215 482 173 85 426 185 221 142 27 70
271 317 186 185 181 184 215 191 179 167 63
272 268 285 301 300 257 299 343 309 305 345
273 120 150 755 221 288 285 283 125 282 277
274 81 227 171 229 226 173 167 150 418 90
275 171 160 88 91 199 89 215 32 635 894
276 474 0 149 124 287 274 743 12 247 297
277 299 301 271 306 750 339 270 49 302 749
278 2 230 221 71 824 6 178 770 1015 368
279 96 450 422 738 195 120 215 221 355 442
280 299 327 747 312 258 872 285 242 677 244
281 327 300 323 747 312 285 345 325 244 263
282 0 14 1046 24 104 7 239 275 110 152
283 270 310 314 287 315 326 293 241 325 320
284 49 285 293 180 747 339 270 126 327 267
285 312 23 221 282 71 293 70 366 472 27
286 6 287 257 474 149 409 404 301 41 272
287 285 186 99 180 301 522 193 312 244 479
288 116 117 596 180 471 49 825 256 283 251
289 150 194 98 93 224 500 95 182 230 55
290 216 558 67 239 451 446 927 280 942 1217
291 482 88 171 133 479 473 184 120 11 178
292 97 175 317 126 384 236 237 116 275 430
293 293 332 404 454 327 292 0 149 294 301
294 142 392 238 65 131 134 731 27 62 661
295 136 282 115 404 272 299 24 11 320 173
296 99 126 120 171 95 404 178 317 312 63
297 14 99 190 968 116 134 479 95 94 215
298 268 381 380 115 188 267 178 82 708 706
299 747 357 987 677 322 257 244 288 297 410
300 182 233 225 237 187 654 256 99 207 184
301 299 325 287 677 331 285 258 326 332 242
302 6 172 545 237 239 216 88 654 174 411
303 747 322 257 677 244 288 872 537 987 332
304 172 126 212 27 514 3 68 21 460 64
305 284 296 123 125 236 8 14 288 136 254
306 49 190 201 431 68 215 175 97 207 434
307 473 171 479 526 503 187 172 477 529 227
308 321 873 288 291 326 320 293 244 304 331
309 0 282 249 312 285 120 150 404 750 299
310 738 78 426 229 434 161 226 181 152 240
311 510 491 483 134 198 496 429 524 317 528
312 180 175 602 78 678 356 215 172 195 433
313 974 368 475 470 1047 420 1046 76 355 1050
314 257 181 178 474 196 49 267 654 513 78
315 508 510 526 180 85 96 134 7 422 27
316 332 257 342 357 688 331 326 293 324 681
317 495 392 201 207 167 96 366 522 152 422
318 299 287 326 257 327 270 747 894 342 269
319 596 55 180 95 52 143 28 927 272 577
320 477 284 426 704 486 497 581 317 481 136
321 99 55 656 339 97 182 473 186 123 483
322 275 236 180 0 123 124 272 11 747 741
323 236 244 332 14 180 256 99 318 312 987
324 495 656 88 237 208 55 428 193 602 6
325 55 201 187 96 217 237 210 503 142 214
326 174 267 432 317 41 155 123 275 184 186
327 565 257 299 306 173 53 384 37 95 192
328 126 272 0 236 747 317 297 327 293 95
329 142 124 195 81 221 24 495 741 377 110
330 317 650 275 22 8 656 426 316 186 97
331 684 49 280 471 244 384 14 549 590 99
332 49 285 193 288 196 271 203 210 209 327
333 381 24 13 380 0 120 320 293 269 273
334 293 325 285 271 301 326 330 267 342 878
335 411 239 363 410 24 79 237 368 455 755
336 404 117 251 545 596 471 0 116 297 236
337 190 356 481 49 492 97 704 152 656 486
338 175 228 171 229 317 215 209 95 442 428
339 68 96 98 201 167 131 431 132 190 426
340 880 331 877 263 332 345 679 260 306 265
341 474 844 284 627 245 136 150 1016 513 475
342 221 180 257 215 203 13 21 182 69 171
343 99 14 116 256 281 590 257 317 172 55
344 285 275 814 317 327 274 214 96 126 530
345 225 565 567 194 227 229 226 230 81 228
346 236 10 545 146 63 264 249 280 70 747
347 124 1046 596 470 865 281 716 283 762 279
348 6 716 545 24 281 128 741 283 221 150
349 483 126 473 55 133 95 179 510 317 602
350 689 328 338 257 332 268 330 936 337 301
351 173 10 209 21 186 22 187 202 126 184
352 312 287 301 747 306 268 346 688 293 309
353 282 513 516 920 44 511 318 922 481 339
354 267 989 302 326 332 257 304 747 269 244
355 322 689 300 268 749 331 244 303 301 343
356 14 281 755 287 24 256 716 180 747 224
357 59 169 165 164 82 171 478 190 133 1193
358 221 257 49 287 596 270 256 514 248 99
359 317 8 136 299 513 288 293 11 275 14
360 581 49 201 3 482 8 691 380 152 731
361 325 878 326 306 681 677 342 270 330 337
362 52 180 16 167 174 229 99 312 218 208
363 323 326 327 299 321 257 322 747 242 300
364 312 299 474 285 110 301 13 8 318 92
365 378 443 566 589 144 669 550 440 451 673
366 446 293 568 216 546 324 443 589 858 673
367 184 199 442 257 163 293 412 451 440 664
368 257 323 339 268 747 248 249 172 679 293
369 126 193 285 473 167 482 478 88 481 356
370 55 203 175 95 194 171 227 88 167 143
371 323 233 293 799 568 563 378 257 301 144
372 167 215 173 7 72 71 691 62 237 418
373 545 116 470 180 594 24 1015 409 410 257
374 233 55 52 447 97 332 11 671 330 641
375 285 99 474 49 136 275 318 293 299 257
376 299 293 327 301 332 269 285 268 184 342
377 96 68 659 37 401 203 24 50 552 734
378 422 27 227 21 153 69 257 208 402 181
379 173 81 233 178 174 190 55 510 209 95
380 212 274 189 6 97 273 233 285 310 221
381 180 285 128 123 284 287 478 184 173 293
382 285 268 481 193 22 97 190 317 49 510
383 322 287 257 325 330 309 306 689 321 314
384 178 22 474 99 203 513 153 201 200 95
385 249 180 830 471 840 256 146 251 826 297
386 173 11 233 184 172 52 1072 94 432 256
387 293 6 747 321 244 49 285 242 331 117
388 429 647 662 142 658 431 366 96 132 481
389 13 241 293 287 14 275 244 321 320 236
390 97 182 171 180 22 78 184 426 191 198
391 268 241 300 478 899 99 136 326 474 747
392 0 209 719 65 81 230 299 62 215 398
393 230 402 81 167 175 430 61 93 52 10
394 293 299 221 116 404 747 257 68 287 124
395 117 684 146 322 747 826 257 830 362 312
396 293 257 318 510 88 174 602 184 357 473
397 237 152 482 209 160 97 142 134 194 176
398 10 27 0 183 3 6 53 199 231 216
399 312 244 325 321 288 309 332 301 314 677
400 14 299 215 254 190 312 282 273 426 21
401 99 180 120 14 404 284 283 13 149 507
402 404 0 49 741 236 14 124 281 272 24
403 287 750 325 285 300 270 321 314 537 337
404 109 384 708 195 381 791 549 176 45 85
405 97 99 184 422 55 199 482 602 656 653
406 167 233 209 442 120 434 78 293 21 6
407 267 268 332 288 339 244 306 689 322 300
408 318 602 512 133 510 197 511 640 193 267
409 271 309 300 749 750 301 878 306 244 332
410 172 96 63 173 97 422 68 214 69 95
411 97 0 167 99 49 182 88 155 10 215
412 747 99 293 287 236 267 321 312 241 126
413 267 285 326 312 268 327 332 270 318 322
414 299 285 49 173 204 167 97 193 293 180
415 299 78 254 172 654 279 721 3 110 99
416 52 228 226 203 120 93 567 1 238 208
417 306 271 346 309 750 353 689 339 897 293
418 514 126 482 212 479 854 510 193 221 0
419 285 268 339 257 284 49 305 267 320 241
420 78 22 208 257 287 524 167 194 285 655
421 6 546 412 55 507 267 122 117 627 120
422 287 330 331 288 300 293 116 291 741 272
423 299 303 321 257 747 327 677 686 318 987
424 257 49 330 664 88 225 299 430 259 269
425 135 603 660 498 478 614 483 356 497 182
426 326 321 333 325 241 320 287 329 300 242
427 268 309 327 332 747 257 287 345 688 872
428 97 10 356 134 120 172 214 174 70 181
429 323 6 474 126 507 184 324 13 0 918
430 327 287 257 677 325 309 288 332 312 270
431 297 596 24 124 925 747 292 146 254 474
432 287 257 99 326 327 323 288 299 126 474
433 281 277 279 741 0 844 24 404 116 275
434 287 230 234 97 558 52 78 16 741 237
435 55 401 450 780 201 68 195 96 293 1073
436 508 7 134 195 530 381 461 174 208 201
437 124 281 24 293 125 110 274 116 741 126
438 8 285 257 293 49 0 221 149 267 116
439 267 285 269 268 305 747 288 257 342 301
440 299 257 747 49 221 180 288 242 285 303
441 182 91 4 95 49 3 232 567 257 474
442 287 323 263 324 267 325 299 244 258 327
443 689 314 221 749 301 315 303 309 269 310
444 123 128 257 285 454 263 327 1066 0 249
445 299 288 330 241 321 332 304 257 337 309
446 49 236 126 281 470 272 171 209 239 124
447 310 345 346 305 271 312 241 311 299 689
448 128 6 19 511 918 274 12 9 234 282
449 68 422 21 698 731 683 185 7 602 233
450 989 872 323 244 875 320 257 357 747 338
451 510 704 356 526 171 204 479 209 152 506
452 762 120 404 63 143 402 95 54 194 172
453 131 63 526 215 126 603 204 509 522 70
454 257 285 293 85 21 110 116 743 214 282
455 55 6 10 155 182 149 123 275 761 203
456 97 422 68 70 0 450 87 201 216 94
457 99 275 6 136 110 507 627 478 274 268
458 293 124 236 117 404 150 287 470 256 8
459 12 115 282 268 276 18 474 49 8 812
460 285 299 287 339 288 300 244 327 267 314
461 293 321 327 257 747 244 285 306 332 268
462 274 846 221 407 8 285 108 235 297 312
463 244 322 241 302 49 326 126 318 99 337
464 167 172 126 88 426 150 203 98 293 478
465 306 299 750 749 270 337 271 322 11 331
466 180 249 128 1066 507 120 409 301 345 323
467 236 126 150 203 275 185 167 207 844 196
468 478 173 479 509 614 527 190 518 603 44
469 123 1016 1007 236 13 272 150 14 126 120
470 70 945 180 495 431 472 819 992 418 583
471 61 49 143 450 264 95 183 418 94 384
472 474 285 284 99 220 149 323 257 92 18
473 426 132 55 184 142 152 491 605 27 484
474 271 268 299 293 339 300 301 747 750 327
475 209 432 738 152 69 401 363 721 394 153
476 65 273 110 715 277 1060 274 1118 219 933
477 55 203 63 422 171 420 214 3 199 172
478 249 514 55 495 97 251 131 6 68 190
479 180 514 285 133 175 97 172 198 55 530
480 167 193 210 482 171 299 293 201 55 126
481 257 299 285 293 322 326 321 312 306 677
482 514 227 226 257 24 422 6 124 190 126
483 120 209 160 171 117 402 741 422 88 545
484 299 257 301 332 331 326 314 689 271 339
485 301 268 99 292 1007 743 125 327 24 115
486 10 21 404 172 209 6 227 203 53 232
487 173 299 55 193 131 285 434 203 422 215
488 327 299 306 349 875 878 687 894 876 682
489 221 249 108 120 275 128 23 274 12 247
490 136 275 13 8 301 49 320 268 507 220
491 356 193 22 49 190 520 179 426 477 512
492 747 293 143 63 267 245 54 168 514 242
493 126 257 299 275 317 68 274 470 287 124
494 392 209 442 217 163 96 98 134 140 418
495 422 68 81 229 233 418 175 195 70 403
496 225 553 49 234 545 183 87 143 120 731
497 99 6 128 208 267 653 285 237 275 268
498 268 285 173 514 314 750 257 198 21 171
499 948 381 64 212 13 85 65 715 691 735
500 249 49 92 0 272 454 245 122 1011 275
501 322 747 537 681 327 265 688 303 900 687
502 282 85 55 236 8 190 275 184 169 82
503 422 567 199 377 160 583 216 738 741 139
504 180 317 81 214 142 172 299 426 14 417
505 171 21 264 11 650 88 317 143 691 719
506 257 300 293 345 341 288 180 306 271 242
507 185 55 654 134 99 173 6 27 49 227
508 293 747 327 322 285 312 332 268 326 242
509 327 747 325 331 681 326 303 987 679 263
510 331 257 327 322 326 306 330 263 325 267
511 21 507 287 97 650 181 63 293 99 275
512 596 120 256 1015 677 514 0 95 830 23
513 221 285 152 55 126 299 237 267 195 194
514 271 750 897 332 688 310 311 244 303 300
515 126 747 257 514 172 268 63 270 317 256
516 312 120 273 254 256 293 117 116 300 180
517 14 281 236 741 284 822 507 234 404 476
518 681 345 342 880 330 357 871 894 270 688
519 312 257 747 300 244 110 14 287 332 236
520 180 23 194 209 0 203 256 81 173 78
521 473 186 181 55 182 173 97 185 63 193
522 87 12 282 708 48 201 167 274 3 110
523 182 55 173 176 317 134 656 201 120 426
524 116 281 49 180 741 470 545 6 283 273
525 267 257 285 312 270 244 288 116 8 326
526 174 97 22 47 317 31 474 482 88 653
527 171 204 215 194 519 63 418 203 97 95
528 747 299 332 288 677 267 258 306 312 878
529 68 293 236 317 215 193 78 285 180 275
530 312 327 293 257 306 688 878 309 242 686
531 257 565 650 384 49 173 70 287 171 172
532 116 110 6 514 234 55 78 522 224 482
533 287 117 596 122 99 275 221 281 471 412
534 190 581 178 317 196 215 461 134 68 49
535 180 98 27 160 431 172 0 88 87 274
536 602 55 11 275 8 301 461 481 88 172
537 203 49 173 356 63 185 69 181 193 0
538 513 190 210 13 487 300 215 481 85 317
539 287 236 120 275 150 116 274 24 281 747
540 96 93 98 500 68 69 94 968 450 622
541 215 172 49 0 153 150 3 761 239 152
542 63 212 567 404 381 172 171 214 99 126
543 299 747 306 332 244 878 269 321 677 268
544 226 448 194 61 49 55 384 1 185 431
545 306 759 447 677 217 322 116 332 747 218
546 268 271 299 306 285 304 287 345 749 244
547 287 126 299 514 300 268 123 684 327 293
548 404 14 221 256 116 596 293 124 470 322
549 677 256 750 257 242 987 249 14 285 288
550 567 402 545 257 53 384 244 214 81 230
551 110 0 596 254 475 545 297 1027 299 677
552 184 193 482 653 132 656 704 605 492 487
553 49 470 180 116 55 24 96 87 567 160
554 99 221 0 267 293 136 123 474 844 150
555 285 179 356 190 49 97 481 193 321 513
556 257 323 285 180 247 249 301 677 332 318
557 284 220 12 136 241 223 8 99 739 474
558 21 175 171 49 509 356 95 182 210 167
559 49 120 236 474 221 124 256 288 514 268
560 88 432 68 196 356 186 82 207 10 175
561 182 227 171 233 422 68 175 95 221 96
562 87 251 404 1015 870 410 120 392 293 110
563 257 306 750 251 249 404 747 314 300 897
564 581 528 59 1120 922 274 223 58 1004 1192
565 55 78 63 173 215 49 27 221 654 731
566 653 514 487 512 181 97 488 704 55 518
567 512 513 169 133 479 704 506 481 653 656
568 274 180 741 287 281 117 149 126 288 273
569 299 327 293 268 267 326 332 321 318 241
570 481 478 317 171 513 426 191 133 198 49
571 274 300 284 812 285 282 99 268 743 24
572 180 482 99 198 514 190 317 133 22 63
573 285 312 304 300 306 305 310 267 749 311
574 257 285 173 99 434 356 55 171 27 63
575 287 285 99 0 110 221 120 150 126 24
576 587 96 93 355 500 21 180 317 754 120
577 747 270 285 259 267 327 299 248 686 324
578 209 293 69 299 207 153 152 318 300 7
579 287 116 117 677 236 256 741 471 23 312
580 13 115 123 9 285 18 12 241 136 128
581 23 116 239 117 108 0 248 545 824 925
582 473 123 173 97 301 185 55 167 78 181
583 379 227 180 49 249 256 61 404 173 172
584 511 29 1193 752 274 957 920 197 639 282
585 55 67 78 52 116 545 6 54 37 684
586 327 321 291 244 345 750 298 301 259 1279
587 312 215 65 69 195 87 567 1034 402 89
588 327 747 331 244 268 342 303 750 314 269
589 812 136 470 120 282 123 19 24 49 507
590 193 691 207 13 282 196 3 65 110 172
591 6 285 268 126 320 297 747 299 325 23
592 87 741 214 110 120 293 355 21 755 131
593 274 126 99 8 288 293 275 284 299 320
594 275 116 6 124 92 256 247 1046 149 411
595 285 747 741 244 327 306 99 331 8 332
596 256 747 120 257 285 404 221 274 1046 596
597 314 750 343 345 309 271 331 330 347 301
598 293 14 327 124 1047 321 845 1093 627 331
599 565 577 81 54 567 635 801 143 390 67
600 0 422 199 6 99 14 431 264 236 595
601 287 299 322 257 242 221 321 686 285 288
602 49 257 227 81 226 88 143 342 0 430
603 446 97 671 435 670 218 451 674 287 558
604 49 288 180 221 747 321 327 297 244 257
605 0 317 741 97 275 126 78 545 587 356
606 268 514 285 49 513 13 282 126 169 284
607 215 190 481 495 707 196 581 656 961 123
608 987 747 682 312 49 300 357 750 334 947
609 180 299 257 173 172 99 285 21 236 95
610 301 326 681 271 257 270 344 304 327 337
611 180 49 124 677 150 254 110 476 741 303
612 285 514 236 173 14 356 522 180 198 482
613 117 236 110 14 124 6 150 281 120 283
614 285 581 268 196 85 317 82 654 434 257
615 244 331 306 301 293 689 300 309 353 326
616 199 602 673 558 217 670 440 163 473 524
617 173 171 55 741 401 14 738 356 87 227
618 232 10 78 677 249 596 747 67 230 577
619 595 417 476 150 671 587 405 257 6 412
620 287 209 404 257 293 402 167 357 242 81
621 180 70 253 171 37 160 153 150 178 230
622 55 99 236 256 176 152 0 196 97 194
623 297 300 301 507 409 120 288 281 1010 339
624 49 152 0 126 88 55 514 7 193 69
625 299 321 677 259 258 326 682 318 260 270
626 565 63 683 384 78 53 126 264 187 30
627 285 320 303 305 327 321 300 268 302 267
628 317 288 55 320 78 301 236 180 126 312
629 404 470 281 545 747 865 1027 273 150 283
630 301 299 268 332 339 287 257 314 747 750
631 68 21 317 209 264 172 215 227 181 116
632 173 95 99 420 172 683 54 96 63 272
633 150 545 283 110 1010 293 146 122 743 180
634 287 288 321 285 332 244 257 331 301 325
635 49 236 180 13 150 285 6 275 12 24
636 14 116 741 275 146 283 287 596 590 280
637 176 55 209 404 78 482 473 225 181 6
638 735 85 920 13 434 164 282 948 44 214
639 257 95 116 153 215 143 49 152 180 208
640 481 174 478 479 602 268 189 193 473 356
641 392 1034 583 160 94 180 418 419 401 567
642 171 78 173 6 201 182 233 209 174 175
643 677 287 285 244 686 221 117 294 404 687
644 356 55 237 654 134 153 155 203 191 82
645 258 537 747 338 271 293 322 300 897 894
646 180 49 173 251 214 142 299 545 0 171
647 49 404 227 256 99 234 175 150 596 143
648 256 251 404 684 596 221 117 254 236 741
649 173 264 210 88 442 175 152 143 473 131
650 318 257 299 288 320 302 268 304 689 303
651 257 327 747 288 312 180 321 677 242 49
652 68 143 392 209 567 230 95 264 78 182
653 404 14 236 844 6 24 470 273 254 63
654 12 317 9 190 514 304 3 715 44 136
655 299 312 327 306 339 304 878 257 314 311
656 99 6 287 257 49 312 275 116 236 123
657 123 11 190 202 22 63 47 126 149 473
658 21 482 55 215 503 654 683 209 193 167
659 180 209 171 750 422 228 448 256 392 418
660 97 49 587 0 55 81 431 293 99 178
661 220 126 13 99 241 8 474 292 236 297
662 281 590 110 146 627 293 545 339 92 327
663 99 203 134 215 173 3 237 473 182 22
664 236 120 287 24 203 117 173 221 741 209
665 99 49 482 356 22 11 0 210 191 21
666 285 654 301 196 513 63 210 320 11 99
667 312 301 300 747 314 750 749 244 267 878
668 285 312 271 514 99 317 750 749 482 136
669 135 426 434 203 68 96 171 142 704 193
670 272 54 182 194 1 402 1015 91 10 539
671 125 12 284 286 117 285 236 256 865 844
672 301 312 689 306 309 339 332 288 320 345
673 747 180 236 257 285 470 321 471 327 258
674 291 268 271 241 164 296 689 284 312 301
675 271 315 285 345 346 303 293 306 337 339
676 257 293 99 287 24 180 14 303 116 49
677 8 120 99 273 150 282 124 117 470 404
678 172 317 171 97 209 78 257 654 422 215
679 49 180 0 274 126 236 256 221 6 282
680 312 322 747 750 270 299 677 267 686 301
681 287 402 116 143 469 32 236 53 76 549
682 257 878 750 330 309 749 327 325 332 287
683 392 209 24 450 68 470 404 215 55 72
684 288 287 267 261 320 332 244 331 302 293
685 317 174 193 185 426 22 182 68 482 95
686 257 293 327 322 331 258 321 342 285 270
687 330 322 293 299 257 894 244 312 332 687
688 180 287 116 0 236 257 99 741 293 545
689 392 65 691 731 402 48 160 366 411 400
690 199 99 186 172 215 287 614 180 422 182
691 475 1027 49 254 14 110 0 236 285 180
692 21 181 49 184 171 264 179 199 442 99
693 182 132 193 204 660 477 434 426 233 210
694 301 326 268 285 339 257 332 689 302 327
695 268 285 271 257 302 299 344 897 689 753
696 257 116 474 244 99 146 288 275 236 596
697 173 483 135 434 603 126 614 133 497 134
698 6 285 288 124 474 125 256 293 116 292
699 203 171 68 194 190 63 97 55 175 256
700 285 268 300 257 301 346 750 309 747 293
701 270 750 449 677 688 379 322 269 894 180
702 14 99 120 124 150 110 741 285 281 404
703 481 193 285 167 426 312 356 422 97 314
704 180 160 565 116 14 256 95 96 471 464
705 236 146 116 275 281 299 327 14 285 124
706 284 513 305 508 274 707 12 196 386 460
707 14 293 285 814 322 116 244 288 309 1027
708 97 183 175 664 287 558 225 76 184 120
709 257 55 287 293 97 320 182 285 301 167
710 274 69 273 581 96 257 82 236 27 381
711 392 450 69 203 142 89 215 160 417 500
712 271 689 345 750 302 311 899 1104 315 332
713 117 256 124 741 221 24 146 1046 545 475
714 143 120 55 49 185 194 422 567 67 172
715 203 434 131 97 522 182 167 14 134 209
716 257 120 322 244 6 288 312 14 117 324
717 596 116 281 124 236 146 1015 747 251 322
718 14 470 124 275 0 762 203 221 180 190
719 304 302 689 339 306 345 310 343 881 271
720 321 747 325 291 318 267 320 209 222 63
721 24 287 0 14 741 116 293 275 8 120
722 180 285 49 317 407 172 293 356 167 299
723 331 322 338 293 242 688 268 330 301 687
724 287 293 288 236 318 747 303 241 49 327
725 747 596 249 404 293 762 814 23 14 287
726 221 143 229 55 95 225 171 384 567 577
727 8 110 285 275 0 299 470 257 293 6
728 270 322 257 537 342 314 258 309 242 889
729 287 293 285 267 332 244 288 254 120 474
730 495 190 434 132 603 173 317 614 602 417
731 327 302 318 326 291 873 305 268 325 241
732 275 14 19 8 115 99 474 276 812 296
733 49 0 180 7 215 236 27 482 68 70
734 287 299 236 293 49 301 13 120 274 14
735 297 249 251 294 257 293 1015 221 248 296
736 49 208 180 167 173 237 55 317 178 356
737 49 203 81 0 430 27 587 153 97 418
738 97 173 209 49 287 293 650 182 299 312
739 257 300 244 320 326 689 302 322 332 872
740 236 96 209 401 160 215 78 738 404 185
741 256 126 150 120 149 293 285 287 24 275
742 285 257 241 244 327 747 49 321 332 126
743 99 123 181 287 285 257 474 11 6 180
744 49 126 175 198 171 88 473 181 510 194
745 227 194 173 384 120 175 228 209 404 21
746 513 237 99 203 201 184 185 196 656 177
747 171 203 167 190 97 126 215 293 285 27
748 180 49 173 21 203 117 160 567 70 422
749 257 288 325 322 331 241 258 332 263 326
750 201 314 203 209 96 3 152 172 185 392
751 268 314 749 327 332 311 267 750 353 302
752 126 299 55 97 478 257 660 204 182 63
753 124 814 590 299 99 280 219 288 596 470
754 327 267 257 285 300 331 332 322 878 325
755 287 49 171 97 55 236 6 201 293 173
756 402 567 81 171 173 430 226 183 227 11
757 180 514 221 88 116 175 181 95 203 78
758 322 293 14 236 244 49 285 124 281 596
759 293 173 420 583 142 422 97 87 78 152
760 747 321 322 124 263 120 404 117 762 596
761 267 274 149 1013 268 249 13 282 285 339
762 190 317 134 63 203 6 78 174 422 178
763 470 49 180 317 150 68 24 475 97 422
764 115 514 99 180 123 474 282 18 513 508
765 203 142 131 96 193 55 171 160 510 479
766 285 434 193 210 49 513 134 233 184 126
767 236 254 14 257 273 282 300 124 180 747
768 1046 596 24 256 116 117 1013 248 249 247
769 293 285 99 318 275 236 267 126 322 320
770 285 69 299 267 13 49 172 203 268 190
771 257 293 327 244 285 747 332 268 689 300
772 172 167 200 155 88 6 16 69 173 49
773 182 176 180 95 49 173 264 217 183 81
774 312 346 287 339 332 270 300 688 345 897
775 184 55 447 182 446 199 99 602 503 564
776 49 513 522 293 180 844 193 317 207 237
777 167 68 654 402 153 178 422 195 172 171
778 49 150 120 0 116 404 293 117 24 475
779 49 434 184 55 172 233 203 173 215 99
780 49 55 356 293 97 171 11 68 21 78
781 294 1088 256 1387 254 891 987 1277 302 260
782 326 267 301 339 357 323 298 747 312 269
783 299 689 747 346 244 301 330 749 321 293
784 97 49 184 602 173 237 293 171 257 55
785 49 97 173 24 99 96 0 150 426 195
786 312 293 311 331 300 343 881 302 271 322
787 21 126 95 448 175 442 225 565 76 160
788 99 275 149 236 12 6 123 284 287 150
789 120 450 209 93 402 167 203 69 238 160
790 293 257 747 322 331 332 325 677 320 306
791 283 116 14 404 409 741 117 124 927 24
792 474 245 6 116 92 409 99 1011 272 124
793 221 99 136 150 6 514 256 12 120 407
794 150 55 90 207 0 221 81 121 97 153
795 87 203 215 567 293 69 70 299 236 233
796 287 257 293 258 322 321 677 244 318 300
797 139 392 98 738 293 541 62 201 34 403
798 299 293 180 126 356 268 321 482 271 184
799 285 49 180 257 99 14 116 747 120 322
800 312 257 331 322 747 244 681 270 688 271
801 287 321 435 97 182 199 163 218 636 323
802 299 878 257 258 300 303 327 288 321 293
803 173 95 49 234 78 116 160 117 152 178
804 99 180 293 97 203 402 257 3 178 209
805 41 126 173 78 95 208 174 99 182 6
806 227 587 49 221 448 171 431 422 228 229
807 257 267 326 268 327 306 300 325 339 271
808 299 287 244 293 268 332 322 314 321 300
809 257 327 747 321 322 306 301 244 288 258
810 312 321 327 677 268 258 244 750 325 749
811 321 322 326 332 299 242 331 263 257 323
812 242 322 893 747 299 265 342 312 750 686
813 446 435 97 233 216 451 440 144 183 182
814 70 167 587 203 81 227 142 97 27 194
815 322 677 897 894 747 306 270 347 332 328
816 287 116 272 120 180 324 332 293 99 404
817 312 268 271 749 878 747 269 267 257 905
818 268 300 254 285 241 327 947 315 872 901
819 299 257 327 268 271 750 339 293 332 258
820 236 49 68 150 221 8 470 142 124 24
821 0 312 150 870 188 677 116 287 108 90
822 55 203 11 167 237 654 3 201 10 233
823 257 244 299 326 325 258 987 327 318 323
824 404 117 120 596 221 0 146 23 99 14
825 81 95 209 61 719 549 226 28 567 264
826 299 332 285 309 287 268 306 327 314 293
827 267 211 58 511 581 1005 706 257 1590 85
828 49 474 180 9 581 706 136 82 0 126
829 173 227 233 126 567 117 120 142 525 78
830 312 293 285 750 270 677 321 258 259 309
831 288 287 299 747 677 331 242 303 236 332
832 178 233 174 200 88 199 175 446 473 181
833 285 236 299 256 180 120 267 747 221 300
834 97 131 316 698 190 63 199 99 418 173
835 186 184 97 172 7 131 513 478 167 339
836 110 125 0 814 13 120 124 99 286 470
837 49 257 0 221 120 173 282 171 268 312
838 287 292 293 99 272 281 14 124 123 257
839 49 173 210 126 274 434 203 178 510 69
840 312 327 750 878 325 309 257 337 688 537
841 270 749 271 309 342 301 689 897 688 346
842 233 228 199 163 558 49 229 227 88 180
843 221 0 172 654 312 750 747 293 173 203
844 343 1061 1175 304 346 270 897 361 1023 344
845 654 96 401 160 214 98 203 174 209 196
846 49 0 180 97 203 422 194 55 239 495
847 173 7 167 190 182 27 49 142 431 70
848 180 116 95 10 49 78 70 0 422 182
849 434 193 49 0 215 78 152 587 142 495
850 287 116 409 297 293 332 281 677 180 299
851 471 116 0 221 120 14 146 23 124 249
852 321 332 306 681 288 259 324 312 337 879
853 120 275 180 0 281 110 283 545 627 150
854 581 274 169 165 212 854 51 82 115 381
855 299 747 327 285 268 293 271 750 244 270
856 285 287 303 322 312 288 318 269 221 323
857 257 287 293 299 301 332 326 49 312 300
858 814 277 236 273 762 287 245 254 844 1047
859 268 301 314 65 87 749 318 215 327 339
860 318 581 285 706 56 164 64 380 287 69
861 6 173 97 95 150 175 0 454 117 221
862 301 330 343 306 309 907 268 344 346 349
863 402 81 654 203 3 95 384 422 195 68
864 287 150 0 99 257 221 180 404 234 24
865 285 302 268 300 257 873 267 303 339 310
866 171 172 126 179 143 68 264 482 55 181
867 185 167 6 174 237 153 199 171 221 143
868 256 236 24 285 475 299 150 300 320 254
869 181 3 11 69 203 182 691 201 654 87
870 285 339 180 300 288 268 320 299 256 346
871 312 244 281 116 124 14 299 545 470 293
872 312 285 689 300 287 268 322 332 306 301
873 285 257 267 318 301 99 268 284 49 474
874 602 55 133 78 88 196 287 203 167 7
875 99 126 55 317 49 513 97 285 318 474
876 212 267 172 312 288 197 287 49 178 301
877 190 13 85 96 82 68 87 422 236 461
878 124 120 49 741 116 180 293 117 470 256
879 567 293 37 865 549 402 331 209 215 844
880 55 233 180 95 209 175 68 0 78 199
881 180 404 0 120 173 422 131 68 142 150
882 268 257 381 301 581 267 854 69 197 299
883 285 13 212 110 528 318 305 169 282 24
884 392 422 203 7 215 201 98 65 68 110
885 91 225 32 55 38 549 11 54 52 143
886 150 587 49 256 1059 171 404 224 20 70
887 654 126 11 236 581 203 193 356 215 125
888 178 432 268 209 791 215 41 237 208 745
889 49 221 55 233 68 175 172 184 196 228
890 274 275 99 273 8 741 110 283 0 743
891 182 55 21 97 180 7 160 95 203 417
892 287 762 6 741 221 870 180 120 49 124
893 285 126 339 49 247 288 9 291 136 749
894 120 256 126 404 0 299 116 221 117 14
895 10 55 217 182 78 126 180 194 95 175
896 180 209 173 422 120 95 117 495 404 98
897 257 267 293 288 270 327 689 268 312 339
898 180 120 0 404 209 143 116 173 95 172
899 99 236 6 0 275 126 14 49 97 474
900 221 49 120 117 0 126 150 203 224 81
901 285 126 256 173 747 322 221 321 270 99
902 11 49 237 1078 272 128 126 590 409 6
903 236 110 287 69 274 723 312 14 581 87
904 287 99 285 275 236 293 116 8 301 306
905 8 287 123 285 236 507 0 128 257 281
906 236 110 275 14 274 0 287 741 49 293
907 99 63 237 173 6 602 0 317 49 27
908 305 257 936 318 212 241 282 293 321 169
909 49 180 257 126 0 120 275 285 221 293
910 431 418 132 7 417 131 68 153 171 150
911 97 152 190 210 215 208 434 201 513 356
912 49 99 55 312 293 287 180 257 271 285
913 65 24 738 69 581 401 552 486 236 736
914 257 747 325 285 331 244 301 268 330 321
915 120 214 402 650 11 95 10 567 96 659
916 236 507 110 99 0 8 14 474 273 120
917 51 190 461 196 85 356 735 708 68 511
918 293 287 236 257 275 13 0 281 987 274
919 312 332 306 339 688 287 894 271 326 257
920 404 49 116 70 120 93 587 236 256 27
921 404 120 203 180 401 392 422 167 81 379
922 146 596 120 404 6 741 281 299 293 327
923 274 180 49 8 99 78 426 590 312 221
924 287 293 321 327 299 326 257 325 671 871
925 327 244 257 301 300 293 268 312 332 320
926 120 180 150 404 121 24 49 870 226 93
927 287 293 184 968 55 49 180 602 172 587
928 49 182 55 172 171 175 11 97 186 167
929 180 14 49 236 0 257 299 116 293 99
930 285 312 256 299 314 293 749 282 296 271
931 473 185 227 448 229 173 529 442 88 662
932 55 237 10 203 185 95 41 654 215 47
933 427 152 434 203 381 210 162 69 233 237
934 117 14 281 684 116 124 404 49 596 24
935 245 257 247 256 149 918 1011 287 6 285
936 285 268 13 302 99 301 288 12 257 126
937 287 117 236 120 596 741 116 293 404 0
938 293 1027 20 299 844 1048 124 256 116 865
939 312 257 285 215 317 97 747 49 293 21
940 49 0 221 256 120 99 287 150 249 117
941 317 271 173 750 0 131 587 356 357 876
942 120 402 143 78 549 567 68 232 160 67
