3 332 312 331 330 322 325 342 321 271 306
8 210 99 513 126 301 193 55 268 97 184
16 49 120 257 221 256 14 180 126 275 24
18 55 268 49 285 293 167 99 97 299 203
26 6 116 236 272 221 180 275 257 126 281
32 331 325 287 299 326 688 330 747 298 321
33 302 307 936 304 299 305 326 872 325 268
34 322 293 287 987 681 872 682 288 298 342
35 331 880 326 325 298 322 682 748 329 307
38 343 749 689 315 304 301 310 309 311 302
45 257 285 268 301 267 300 288 339 269 271
46 299 689 325 304 312 318 271 331 332 327
49 128 92 6 220 149 918 257 292 272 284
50 173 97 55 95 194 88 78 182 21 68
54 126 221 6 99 95 0 173 194 249 251
60 312 271 325 688 258 681 300 306 314 342
77 257 110 99 299 49 267 14 285 814 275
85 302 936 872 304 300 331 307 681 305 689
87 271 343 268 304 346 302 901 681 881 325
92 110 24 273 117 404 236 755 283 125 224
97 207 193 203 196 318 237 285 268 662 185
104 299 325 327 300 293 346 345 331 330 681
106 325 271 300 327 747 293 306 331 689 269
110 346 689 749 309 315 311 299 345 344 901
119 99 49 6 221 117 180 110 150 146 249
123 55 88 175 180 11 182 178 152 81 181
126 312 269 180 750 677 322 258 271 357 268
131 99 513 474 12 13 115 22 237 97 6
132 300 747 301 325 689 269 309 346 270 306
133 49 99 180 221 236 116 126 287 288 244
138 123 220 284 257 474 13 268 8 275 743
139 287 326 299 332 325 327 268 291 306 747
142 299 331 326 689 747 300 244 288 268 301
145 343 304 348 331 689 681 325 901 302 881
146 343 271 302 314 310 346 311 301 881 307
152 97 99 11 95 194 88 175 287 0 116
154 299 257 321 288 300 332 244 306 258 689
162 49 173 312 99 68 167 21 172 171 301
165 677 325 258 332 300 271 331 306 288 244
169 331 299 242 326 747 681 872 288 330 688
201 49 126 180 99 173 55 196 97 152 193
204 287 293 300 244 326 306 322 331 301 258
211 63 173 49 581 169 356 97 99 212 461
219 326 301 325 327 306 291 244 312 747 689
224 131 198 68 204 173 317 660 422 495 132
227 49 257 126 268 299 317 55 68 293 99
230 236 14 124 116 256 221 110 117 24 99
239 681 331 325 688 322 689 341 332 326 257
240 326 325 343 271 348 346 332 330 298 341
241 285 300 287 689 299 257 332 312 288 284
244 0 120 14 224 117 404 124 116 256 110
246 257 99 180 285 312 126 172 236 274 116
251 123 12 136 149 282 284 120 236 220 49
257 299 300 258 325 677 268 681 537 688 306
259 331 348 872 688 343 326 307 689 341 338
260 299 322 677 327 257 332 331 288 878 688
265 99 268 257 241 8 288 136 49 300 12
272 268 343 301 300 311 749 309 881 345 285
277 301 299 271 49 749 269 99 750 339 126
280 299 258 872 747 677 327 682 688 242 326
281 312 271 300 327 325 747 269 681 689 285
288 117 596 471 116 545 1027 410 755 1046 283
299 747 677 322 410 116 870 124 257 762 596
301 299 287 325 326 331 677 332 258 285 242
303 257 747 322 677 288 244 300 332 49 14
308 331 291 873 872 298 326 321 879 329 288
309 0 282 110 150 249 268 296 285 312 12
316 331 681 342 326 688 332 894 257 357 306
318 325 342 271 322 326 348 299 349 689 341
334 325 326 301 271 331 300 339 293 681 342
340 880 331 679 322 872 348 325 349 688 677
352 312 287 346 747 301 681 268 306 689 688
354 331 326 307 880 748 872 689 304 1023 298
355 689 268 300 343 304 302 331 326 301 681
361 325 326 681 342 306 677 258 270 878 271
363 326 331 325 299 257 327 872 300 298 321
368 257 323 269 339 747 268 287 312 342 293
383 322 331 681 325 287 330 677 689 306 348
385 249 830 180 256 471 297 146 251 287 741
399 312 325 332 271 326 301 309 288 681 321
407 325 268 681 300 331 332 306 267 689 339
409 271 300 343 749 309 301 325 304 302 901
413 267 285 49 268 312 270 327 288 326 269
414 173 49 97 171 180 178 167 126 356 88
417 271 346 689 315 309 353 681 306 348 897
430 257 327 287 325 312 332 300 288 258 331
440 49 257 256 299 180 221 747 99 236 249
442 287 49 299 126 180 99 288 301 258 327
443 314 749 301 269 300 689 310 302 221 878
460 299 285 288 300 267 244 287 99 236 339
470 70 431 945 624 180 418 819 62 472 142
474 268 0 271 180 299 236 55 116 97 293
481 257 299 293 285 322 312 258 269 267 325
484 299 301 257 689 326 332 271 309 331 304
508 293 312 747 285 327 322 677 332 268 258
510 331 326 325 322 342 688 880 677 349 747
511 97 21 11 68 173 287 126 99 180 78
512 120 6 0 596 287 257 99 256 173 95
515 173 126 55 11 172 257 99 63 21 95
519 257 236 0 49 256 120 312 110 116 14
530 312 325 688 878 681 257 271 327 306 300
543 299 747 332 306 271 326 300 689 268 681
546 268 271 299 287 304 689 749 309 306 345
548 116 14 404 124 221 256 110 24 6 150
557 284 220 12 136 739 8 9 128 276 223
562 87 93 293 120 404 110 392 65 721 201
569 299 268 293 267 312 327 269 271 326 306
570 478 191 513 133 317 510 426 131 481 134
571 284 99 285 268 136 274 257 474 115 300
574 99 173 55 68 63 285 317 21 0 8
577 270 747 299 327 269 267 312 357 341 878
580 123 13 136 115 12 128 18 92 149 285
582 55 173 97 99 49 178 126 179 167 473
583 180 49 256 249 379 0 227 404 88 120
593 99 126 8 257 274 288 136 299 0 275
595 99 285 236 332 244 6 49 116 747 327
597 343 314 271 901 341 345 354 681 315 688
601 257 299 242 287 322 221 285 288 99 244
603 97 446 435 671 218 674 22 451 178 155
608 747 312 322 299 677 256 49 269 268 285
611 49 180 124 150 242 293 677 322 221 256
612 285 173 99 180 198 21 68 190 8 196
625 299 677 326 258 325 269 342 321 270 259
627 285 268 288 300 312 267 321 244 327 306
630 301 299 268 325 326 689 257 343 346 314
634 99 257 287 49 285 288 244 126 8 267
635 13 49 150 236 12 24 14 6 180 256
645 271 341 343 749 688 322 897 268 747 300
648 256 404 251 117 221 236 110 596 124 247
650 268 318 257 300 301 302 288 299 689 287
651 49 257 180 288 236 242 120 221 677 0
655 304 312 689 314 901 339 311 299 331 681
656 99 6 49 116 257 287 120 123 236 149
661 13 220 99 123 136 18 296 743 8 474
671 99 236 13 110 0 12 8 125 120 124
672 301 312 689 49 339 99 309 126 269 288
674 268 296 1021 164 271 291 301 165 901 314
677 120 8 124 99 273 150 117 125 116 221
680 312 343 271 268 307 299 314 881 300 325
684 261 287 267 331 332 291 302 681 325 304
686 257 293 327 322 325 258 331 326 288 300
687 688 872 322 341 880 349 326 307 907 687
690 173 99 199 233 182 131 513 422 134 171
694 301 268 326 343 689 302 271 331 339 325
695 268 285 271 302 689 749 299 257 344 897
699 0 68 97 55 21 99 63 116 171 7
700 268 285 300 257 301 293 309 241 305 244
701 270 750 677 357 322 688 341 269 889 679
705 236 116 120 221 275 14 281 124 146 299
719 304 302 343 881 689 310 271 339 300 749
721 120 116 0 49 14 24 8 124 275 287
722 49 99 180 126 6 285 55 97 116 78
724 49 0 6 236 126 288 221 120 116 293
725 596 404 1015 747 826 410 925 254 249 251
727 110 285 8 257 275 0 299 293 287 124
728 322 342 681 325 341 314 894 331 677 257
731 302 326 291 879 325 298 305 873 300 307
735 297 249 1006 296 251 248 294 257 1257 1141
736 55 167 49 97 173 99 180 171 237 178
739 257 300 244 312 302 258 271 689 291 305
741 120 126 150 8 123 24 256 275 13 149
742 285 257 49 126 241 13 256 8 244 236
743 99 55 97 287 285 123 180 257 6 181
753 124 273 470 290 110 120 125 716 814 590
758 236 293 14 49 124 110 288 285 254 99
761 268 285 13 257 274 267 241 250 282 254
764 99 115 282 18 12 123 0 256 6 8
768 116 596 256 1046 24 273 117 741 124 0
771 257 300 293 332 327 747 689 285 268 271
774 312 346 314 304 300 325 345 315 901 302
776 49 180 97 11 63 68 317 173 27 6
778 49 0 120 116 99 150 404 117 236 124
782 326 681 331 325 298 312 349 688 747 348
783 299 689 300 287 301 747 331 326 346 293
784 49 97 173 55 99 180 171 126 152 78
788 99 6 123 149 275 236 12 120 245 116
790 99 257 126 293 236 6 0 116 120 14
793 99 150 136 221 6 123 256 13 12 115
796 257 258 293 287 242 244 288 677 322 236
798 126 99 293 299 268 55 184 287 180 602
799 99 49 0 116 14 236 120 180 257 8
800 312 681 271 257 747 331 342 322 326 270
802 299 300 257 325 258 327 288 269 878 301
807 268 271 300 339 257 326 267 325 306 346
808 49 99 299 126 180 293 236 0 116 244
809 257 271 301 306 327 689 302 747 244 288
810 312 268 258 327 325 271 244 321 309 677
811 331 326 322 321 242 299 258 298 332 681
812 322 242 747 682 299 677 312 342 688 878
813 446 435 97 233 451 636 182 440 144 669
815 322 747 299 677 688 681 332 327 326 270
816 287 116 99 120 272 49 293 180 236 221
817 271 343 268 312 749 314 302 346 901 300
818 268 300 257 285 271 293 346 287 901 304
819 299 257 327 293 271 325 268 322 332 677
821 180 0 150 221 49 256 312 108 116 120
823 299 257 325 258 326 331 327 242 332 747
826 268 314 299 309 287 332 306 325 339 345
831 287 299 288 242 236 677 49 747 258 331
836 110 99 124 0 120 8 13 125 49 283
840 312 681 325 331 342 688 349 326 878 894
841 346 271 314 749 901 353 345 348 349 341
844 343 1061 881 897 307 304 314 1023 901 346
848 180 49 116 95 0 6 404 194 117 97
854 212 169 581 854 211 165 58 508 461 60
855 299 331 747 327 326 293 300 271 287 681
856 285 287 268 312 300 288 301 269 99 689
857 49 257 126 299 6 8 293 236 287 244
858 814 277 762 254 1047 236 410 1008 844 121
860 581 285 706 212 318 380 56 69 305 922
865 268 302 285 300 689 267 339 257 271 326
868 236 24 256 110 254 99 124 13 8 285
872 285 268 300 288 301 312 287 244 302 747
873 99 285 257 268 49 126 136 8 241 301
875 99 513 97 126 55 285 49 22 196 184
878 120 116 117 124 49 256 99 110 180 404
883 285 13 212 305 136 318 284 282 706 169
887 236 99 13 254 110 49 284 274 275 14
890 8 99 120 275 274 273 110 0 124 283
894 99 120 0 6 116 8 14 24 150 236
897 257 268 293 288 300 49 267 301 312 258
899 99 6 275 14 97 49 236 126 0 8
901 126 99 285 173 256 116 97 78 0 55
903 236 274 110 69 723 257 14 1118 285 552
904 99 287 116 236 49 120 0 8 275 285
905 8 123 236 285 0 49 126 12 257 13
908 305 268 241 318 302 257 99 936 212 300
909 49 180 126 0 6 120 8 275 257 285
911 513 152 215 97 356 210 207 185 68 190
913 65 1040 552 948 69 715 738 706 85 215
914 268 300 325 271 689 331 257 301 326 314
916 0 120 99 236 150 14 110 256 116 221
919 348 343 688 325 326 354 341 298 904 271
924 287 293 324 326 257 321 327 263 323 99
925 257 268 301 300 293 312 244 271 267 327
927 49 180 287 293 257 173 171 99 55 677
928 55 171 97 49 182 167 134 175 186 174
929 0 49 99 116 180 6 14 236 8 110
930 285 299 312 300 314 256 293 747 271 288
934 117 124 14 116 404 281 545 110 0 24
936 285 13 99 268 136 257 126 49 115 123
938 865 1046 931 747 755 1027 124 925 117 322
940 49 256 0 120 221 99 236 150 249 126
