2 339 312 688 753 677 311 300 357 897 747
3 332 54 677 297 267 338 679 1038 300 308
8 99 504 503 215 627 461 55 922 184 126
11 55 316 285 384 526 65 180 567 878 287
16 123 275 14 120 327 281 24 747 221 292
18 293 339 55 285 268 215 97 474 185 167
19 116 70 7 14 317 203 96 471 78 194
26 126 236 275 180 618 457 272 122 249 822
28 270 327 257 332 326 321 288 324 271 196
29 299 747 514 357 322 126 271 268 203 287
30 873 268 647 479 481 603 22 886 167 1450
31 120 257 49 292 747 299 236 124 0 545
32 287 299 331 298 325 688 267 349 357 353
33 326 306 321 322 677 1024 257 267 686 301
34 322 293 329 686 287 244 338 987 262 298
35 677 327 876 753 300 291 326 269 537 339
36 180 120 227 127 567 471 225 143 454 430
38 749 330 287 304 315 327 339 285 309 343
39 747 689 312 311 301 331 322 326 306 314
40 172 257 21 190 293 171 210 197 63 49
44 409 1027 1046 474 279 116 404 124 865 476
45 285 257 258 108 474 236 8 241 123 268
46 318 299 327 244 241 747 293 261 332 331
49 457 120 128 220 92 1128 292 299 288 284
50 194 21 55 95 78 1038 482 155 658 422
52 404 116 221 8 470 0 124 88 126 454
54 126 221 249 23 209 99 194 95 251 0
60 312 686 878 285 325 306 688 321 682 681
65 256 99 322 249 1013 124 273 325 844 147
66 409 117 1131 116 410 14 1027 8 119 251
67 99 14 256 297 272 293 844 0 150 221
70 99 126 6 514 581 482 190 268 178 274
73 285 0 321 318 299 474 747 116 288 627
77 126 318 258 410 1013 285 110 244 14 339
79 179 285 356 196 63 510 126 11 97 691
85 267 747 305 300 537 332 339 263 244 304
87 268 271 288 891 346 901 291 303 332 302
92 117 8 49 404 24 20 409 283 110 273
97 207 661 203 748 791 196 521 136 429 356
102 0 482 1015 475 99 78 124 684 596 297
104 345 327 749 299 293 750 357 344 324 330
106 293 747 327 878 323 244 306 300 331 325
107 256 14 257 150 275 23 545 285 234 8
110 299 244 689 346 315 287 344 749 267 305
111 325 689 314 343 331 270 269 339 310 904
112 301 299 136 747 284 14 259 300 983 1295
113 173 208 133 602 22 184 483 522 193 78
119 117 275 470 99 49 299 221 684 596 254
122 14 320 317 220 210 526 169 190 704 133
123 175 152 131 55 567 88 178 187 180 545
125 346 872 323 357 300 267 285 679 747 324
126 312 269 108 889 268 327 180 878 332 537
128 327 305 325 270 300 288 321 878 318 331
130 474 236 115 300 24 49 514 14 302 899
131 12 514 99 0 22 180 6 203 434 513
132 322 747 270 677 346 302 537 301 878 689
133 271 309 287 321 244 303 332 116 288 306
135 49 530 247 284 0 241 24 221 301 220
136 126 987 175 293 297 257 124 251 454 23
137 274 123 8 203 477 152 282 22 207 156
138 474 257 123 470 293 292 305 148 244 304
139 287 299 327 332 298 326 320 261 302 339
141 342 116 312 173 537 171 78 0 300 681
142 331 689 747 288 244 269 677 353 894 300
145 747 320 331 287 304 315 749 338 285 303
146 271 306 305 299 241 314 899 309 346 310
148 288 315 331 306 343 747 332 287 689 298
149 6 9 285 236 357 8 14 476 221 282
152 182 209 285 191 95 11 10 88 299 317
153 97 55 22 126 167 171 95 656 203 133
154 257 321 677 689 686 298 339 258 244 263
155 190 126 482 426 510 656 22 68 301 49
156 256 120 247 248 590 123 14 470 301 257
161 404 185 99 123 409 281 545 208 110 927
162 312 301 327 332 293 302 203 353 173 68
164 95 49 293 0 55 322 195 357 172 190
165 682 271 258 689 677 748 303 288 749 681
168 182 285 268 503 656 194 184 193 327 510
169 242 747 331 299 259 320 871 1024 878 879
170 271 306 344 346 315 270 327 299 320 879
171 498 196 478 503 57 480 198 474 63 788
172 257 244 332 874 287 306 303 1024 324 242
174 97 202 68 199 120 181 116 173 317 96
178 312 346 310 343 351 886 348 688 907 349
181 150 317 126 14 234 117 24 410 274 409
182 691 182 565 37 49 280 96 203 509 749
184 99 318 630 0 305 734 190 520 603 356
190 309 257 346 343 689 353 311 345 747 602
191 287 285 404 318 284 596 117 323 0 249
195 715 49 474 274 721 209 1008 203 167 185
198 303 136 299 747 288 318 682 149 287 332
201 49 180 602 293 21 495 479 152 237 274
202 124 299 1015 14 747 332 677 327 108 507
203 318 293 268 305 312 271 49 284 13 55
204 322 878 244 293 271 287 291 872 258 748
207 708 3 691 167 209 97 791 237 450 526
208 514 312 6 339 235 136 747 12 274 115
210 49 257 293 99 106 241 268 233 510 689
211 192 49 461 57 356 581 309 134 169 21
217 495 237 91 78 181 97 320 209 691 356
218 173 897 549 353 299 267 21 325 51 930
219 326 323 327 241 301 244 306 333 269 270
224 656 422 131 321 198 317 478 495 606 176
225 0 99 115 180 49 514 172 120 128 15
227 267 356 10 299 55 209 11 126 245 332
228 270 300 306 904 689 288 332 267 677 269
230 14 236 256 124 117 283 285 300 684 750
236 485 193 49 477 510 504 518 151 526 209
237 221 288 49 747 14 254 327 249 244 24
239 337 331 257 263 344 314 310 285 332 891
240 330 337 270 332 878 326 339 303 268 333
241 306 123 470 332 99 689 250 300 886 273
244 108 242 117 0 224 408 110 747 120 925
246 312 257 747 267 404 274 180 99 8 249
251 282 12 272 9 149 14 675 287 245 136
257 299 325 321 681 244 537 268 677 315 346
258 245 272 263 422 409 49 55 197 326 10
259 327 872 330 322 357 680 259 339 303 331
260 299 322 677 318 327 326 257 894 291 332
264 293 146 275 0 8 321 24 285 120 545
265 115 288 99 300 257 301 8 302 268 339
271 317 186 483 185 215 86 3 175 184 152
272 268 257 285 345 301 305 300 343 353 244
277 299 332 301 271 49 306 689 339 180 327
280 299 872 327 312 748 747 750 301 677 328
281 300 327 323 285 263 345 747 302 288 753
282 0 1046 275 745 24 429 273 152 98 116
283 270 241 310 326 287 315 325 688 311 244
284 49 293 747 180 285 173 474 0 55 327
288 283 825 49 180 596 819 865 110 116 117
299 747 987 332 322 124 244 878 257 239 6
301 325 299 263 242 331 259 258 677 326 342
303 747 322 677 257 595 244 987 14 750 273
305 284 410 296 123 301 125 0 117 236 1016
308 304 321 328 301 288 677 307 298 331 873
309 0 249 285 282 251 312 992 404 20 689
316 257 332 342 357 331 688 323 750 339 326
318 894 270 309 287 327 244 299 326 329 747
321 99 526 55 116 339 177 788 272 134 237
332 285 49 196 193 271 288 327 497 506 133
334 293 285 330 325 339 357 878 271 345 326
336 404 976 117 251 297 283 596 545 0 190
339 490 274 201 431 190 21 497 160 224 96
340 331 877 679 880 260 306 345 303 262 263
348 24 594 716 812 221 292 0 6 739 281
349 483 126 473 133 510 95 21 317 174 185
350 689 258 337 328 338 268 271 267 681 882
351 683 21 202 203 209 186 173 10 650 232
352 312 747 287 306 346 301 268 293 322 688
354 304 267 257 302 293 300 989 269 878 1175
355 322 300 749 303 689 677 343 268 331 750
357 663 610 63 59 603 646 190 512 171 174
358 221 270 256 49 596 287 257 234 248 301
361 878 270 325 681 306 339 677 298 300 326
363 326 323 242 885 258 322 257 245 327 321
365 443 378 99 669 858 440 451 550 182 4
367 184 442 199 173 257 440 799 412 293 858
368 257 679 248 265 268 747 172 301 153 346
370 55 203 175 187 215 88 210 229 402 171
374 447 332 233 55 641 11 37 669 97 300
375 474 99 318 285 49 172 14 7 57 136
376 327 299 293 301 268 173 78 677 195 332
381 184 181 173 180 285 193 284 208 171 191
383 267 322 257 287 321 872 689 749 682 314
385 830 471 840 249 180 251 14 146 747 283
387 293 750 244 321 117 346 405 242 747 24
389 13 14 306 275 284 221 241 287 49 267
394 293 299 117 116 762 750 193 68 322 404
395 117 684 146 312 293 826 325 405 923 322
399 312 244 321 270 301 309 242 325 314 339
402 0 404 49 741 124 236 272 627 410 24
403 285 750 287 889 337 300 325 270 328 315
407 267 288 345 681 303 322 244 306 332 344
409 271 309 750 321 344 331 878 343 244 332
410 95 745 97 215 299 182 172 173 63 691
411 167 0 182 195 97 88 186 155 190 745
412 747 99 284 293 330 236 126 677 0 12
413 312 285 267 268 270 357 326 327 318 332
414 285 204 178 299 49 167 244 97 180 171
417 306 271 346 293 353 688 339 309 325 681
418 482 296 193 249 854 0 126 514 478 134
419 0 339 285 320 513 284 44 11 812 324
423 299 198 303 675 180 327 321 686 124 538
426 326 333 300 688 328 321 242 335 872 682
427 309 268 345 747 327 332 688 748 244 269
430 327 309 287 270 258 677 242 872 300 257
432 99 287 512 327 288 269 180 479 257 55
433 0 275 925 277 404 741 279 122 281 1047
437 126 124 293 274 24 281 125 224 116 150
438 8 312 276 293 116 749 285 0 741 409
439 342 747 321 269 305 257 13 82 268 682
440 299 124 146 747 99 221 117 180 49 150
442 287 323 325 309 327 244 324 126 258 271
443 689 314 236 0 315 126 221 753 1021 301
445 288 309 299 337 330 298 688 321 332 749
447 305 310 345 271 879 346 287 269 288 312
460 285 287 345 314 339 299 244 180 321 300
461 321 879 293 268 306 747 257 244 885 209
463 244 322 302 241 49 326 337 99 305 329
466 180 249 409 762 234 1066 120 128 747 136
468 478 49 178 518 527 51 173 479 44 484
469 123 1007 1016 272 150 297 126 409 236 14
470 180 70 945 472 431 418 1218 203 495 819
472 99 285 220 284 223 474 282 149 323 18
474 271 268 293 339 299 275 274 236 256 507
476 273 219 65 110 1073 795 706 124 1118 411
480 78 193 285 482 167 274 68 126 299 602
481 257 299 285 346 322 260 271 301 248 318
482 514 24 149 422 226 428 176 202 171 268
484 257 301 299 271 314 304 326 331 339 332
489 221 267 457 108 249 239 275 128 124 476
490 49 136 320 275 483 92 286 844 271 268
491 514 57 520 193 483 49 203 21 477 22
493 126 171 434 275 124 257 299 204 287 483
501 681 747 265 361 537 348 327 322 351 688
506 345 257 300 288 180 339 361 293 1015 894
508 268 327 339 747 332 269 242 688 285 312
509 325 747 327 681 331 306 983 894 326 259
510 257 877 349 322 303 267 331 677 306 300
511 21 287 750 97 590 749 180 293 650 181
512 596 120 256 677 929 750 257 23 0 182
514 688 271 332 750 345 310 303 244 311 897
515 514 510 126 747 215 293 95 269 516 380
516 741 312 120 273 180 288 254 251 256 335
518 342 947 880 681 330 875 871 244 270 688
519 312 332 321 117 257 304 537 8 287 755
521 473 185 182 173 233 63 186 181 179 465
524 116 273 180 49 281 297 6 762 125 146
527 204 418 215 190 194 270 419 500 63 627
528 747 259 677 332 288 338 874 267 689 987
529 293 68 215 180 27 172 209 275 287 233
530 312 306 343 293 688 268 753 327 300 878
538 257 487 13 210 190 654 300 317 320 296
539 287 236 120 761 274 150 24 747 275 297
543 321 747 306 299 301 878 268 269 677 332
545 405 116 301 681 799 218 217 545 747 216
546 268 271 299 287 345 872 244 306 304 267
548 404 1027 234 14 596 595 150 221 322 285
549 256 677 750 249 274 285 242 321 257 288
554 844 267 99 221 332 136 234 245 123 203
555 179 321 660 190 49 172 285 771 481 288
556 879 180 677 257 474 247 285 301 530 186
557 284 220 302 8 12 275 474 320 514 276
562 110 392 126 825 410 120 121 870 221 404
563 306 249 404 750 251 257 688 983 300 314
564 528 13 223 663 922 581 19 521 274 85
569 327 299 267 268 293 332 321 326 318 305
570 478 171 426 481 513 805 1148 174 581 49
571 300 257 282 743 0 274 14 150 125 812
572 171 180 510 186 509 190 198 133 123 514
573 312 285 327 304 300 306 305 267 310 747
574 257 27 173 434 55 285 99 68 299 133
575 287 99 285 865 116 221 321 120 110 126
577 747 259 267 270 341 285 327 236 325 256
579 287 677 117 116 471 23 259 256 684 236
580 9 120 13 285 123 241 115 12 407 128
581 239 23 117 472 925 108 824 0 839 272
582 123 332 517 918 339 97 173 581 468 962
583 379 180 227 49 88 173 172 317 404 194
588 327 747 331 342 314 268 750 301 303 309
589 812 507 470 19 24 279 49 0 120 814
593 274 8 514 99 126 293 257 288 526 513
595 285 507 0 325 49 8 324 99 221 320
596 256 747 404 290 120 595 1046 254 243 410
597 314 331 681 345 343 271 750 293 354 983
598 14 124 247 327 293 357 761 331 300 627
601 221 299 322 99 150 287 404 257 117 595
602 49 226 81 55 209 143 88 689 322 257
603 97 670 451 218 671 435 446 563 49 175
606 209 282 1162 198 513 126 99 19 646 9
608 332 312 260 747 300 844 357 472 679 49
610 301 681 304 288 357 344 271 270 336 257
611 677 254 180 150 221 1196 514 147 120 277
612 173 285 236 156 143 14 514 68 180 301
613 117 124 1027 239 14 236 411 6 507 110
615 353 244 300 293 331 301 306 315 324 349
622 293 229 55 132 741 175 256 176 97 152
625 259 269 679 321 324 689 299 326 677 342
627 267 681 305 285 300 306 268 1021 55 309
630 301 750 268 344 287 749 315 339 267 299
632 128 96 420 95 173 99 3 878 21 830
634 325 287 331 301 321 267 288 677 285 244
635 236 180 150 49 750 13 299 287 12 514
640 478 481 174 6 134 1148 126 602 479 193
643 677 404 287 285 244 679 221 686 8 294
645 322 747 338 872 271 537 349 897 894 877
646 322 214 545 180 519 596 251 677 142 878
648 256 251 404 684 254 247 221 117 110 677
650 257 320 318 299 304 689 302 287 303 268
651 180 327 404 303 312 221 288 747 242 257
655 327 299 312 306 904 261 267 878 330 322
656 99 6 309 49 306 12 312 116 120 286
661 241 13 220 126 136 627 8 740 236 846
666 654 210 196 301 181 63 99 21 203 955
667 872 312 300 120 259 750 267 180 276 221
669 135 171 49 704 485 434 193 450 492 189
671 117 865 472 897 12 1011 0 286 256 150
672 301 312 689 311 306 318 309 332 747 321
673 747 236 257 180 258 471 99 321 275 545
674 291 271 268 284 332 1295 299 164 897 296
676 257 474 8 689 293 99 14 124 303 889
677 8 99 470 150 117 124 283 257 285 116
678 172 317 97 237 366 178 14 190 245 209
679 49 180 332 55 6 474 0 236 274 282
680 322 312 321 750 270 677 686 747 267 346
684 288 345 267 320 261 287 321 302 244 331
686 257 270 331 342 322 300 321 268 327 872
687 257 293 322 679 309 894 687 300 312 298
688 180 741 0 99 236 287 281 116 283 8
690 614 215 172 287 180 422 190 199 681 442
691 1027 268 863 300 49 215 475 356 513 185
694 326 268 302 339 330 689 257 357 305 750
695 271 268 689 327 99 299 538 302 479 257
699 194 171 203 175 208 68 10 190 257 256
700 285 301 300 257 268 346 750 251 116 293
701 270 449 689 321 681 285 180 677 49 314
702 124 99 149 150 14 110 285 297 254 147
705 146 236 275 116 285 312 590 14 545 122
712 345 271 689 304 302 750 270 1023 311 904
713 117 256 124 741 146 925 475 410 273 99
717 596 116 976 747 146 125 0 281 327 471
718 508 14 203 299 233 470 404 762 132 185
719 304 345 339 689 302 886 271 288 899 306
721 8 0 14 293 716 741 24 327 124 116
722 407 317 303 180 208 356 293 285 301 115
724 287 293 241 318 236 747 49 288 677 0
725 251 249 268 933 755 404 762 747 1022 865
727 110 8 285 275 257 126 299 470 0 332
728 322 314 257 270 242 749 328 342 537 315
729 287 293 322 281 244 285 254 221 762 120
731 327 878 326 873 257 310 677 293 241 332
733 0 180 482 49 27 78 7 184 236 70
734 301 287 590 327 236 120 14 13 299 274
735 251 249 297 294 248 326 293 296 270 274
736 180 208 49 167 178 173 209 654 213 356
738 97 650 49 7 312 132 81 233 287 209
739 257 300 322 689 326 244 872 878 320 332
741 256 150 126 120 149 404 8 24 123 741
742 285 241 257 318 244 749 49 327 747 846
743 99 123 181 184 271 345 24 6 257 284
744 49 8 529 175 181 356 704 88 172 198
745 120 227 173 228 194 384 21 209 404 175
749 257 263 306 241 322 288 332 242 331 677
751 314 749 268 327 323 886 332 267 687 303
752 126 55 689 97 63 299 171 478 326 510
753 274 470 299 110 99 124 814 326 280 6
754 327 878 331 300 322 267 324 749 260 298
758 322 596 281 249 110 14 282 863 117 244
759 173 814 293 545 420 167 87 820 78 275
760 747 263 285 321 514 224 117 297 256 1314
761 13 19 149 267 249 285 345 202 274 241
764 514 115 99 275 180 18 513 318 281 88
766 193 303 479 49 210 172 513 22 184 189
767 257 254 236 275 14 747 300 124 750 273
768 6 475 1015 1046 596 12 224 117 150 244
769 126 285 318 275 267 236 99 320 322 122
770 285 13 267 172 322 203 244 195 587 49
771 293 257 747 285 338 332 268 244 327 291
774 312 346 753 270 339 302 688 304 287 332
776 195 49 513 522 293 221 196 136 275 844
777 66 418 68 214 11 63 402 217 317 171
778 150 475 49 747 120 117 116 755 293 0
779 209 434 210 660 99 49 603 184 203 215
780 356 49 97 175 55 68 510 747 21 514
782 269 312 267 339 878 301 326 298 357 681
783 747 689 343 244 299 331 330 315 338 267
784 143 237 602 171 97 209 473 507 257 677
786 293 343 312 881 331 899 311 686 361 336
788 236 12 99 275 256 250 6 150 149 470
790 293 747 257 301 331 322 306 99 236 339
791 283 124 627 404 116 927 14 684 978 923
792 741 819 124 474 221 743 404 245 978 290
793 514 221 99 595 136 300 92 150 482 256
796 257 287 326 318 321 300 309 322 258 244
798 180 293 171 750 287 320 506 323 922 299
799 116 99 49 251 257 285 404 297 454 287
800 312 257 322 244 331 677 681 337 326 330
801 321 287 218 327 435 306 4 333 636 97
802 878 299 304 257 327 326 307 301 269 318
807 257 267 306 326 288 268 327 300 689 894
808 244 299 750 287 322 293 268 332 321 325
809 257 891 306 322 747 327 301 321 258 305
810 312 749 750 677 244 327 242 320 321 268
811 322 332 321 326 318 242 257 263 323 299
812 265 342 242 303 312 260 872 750 689 892
813 233 97 446 451 435 216 859 568 144 566
815 322 897 894 677 332 747 324 338 349 351
816 287 324 120 684 116 49 180 404 272 830
817 312 878 271 268 688 747 749 309 339 261
818 268 254 300 55 947 878 275 244 346 241
819 299 339 271 257 750 327 268 872 332 293
820 236 8 68 24 214 6 142 195 97 124
821 312 870 150 99 750 507 188 1034 677 267
823 257 323 332 258 325 327 244 326 987 318
826 299 345 285 287 332 311 306 353 302 293
828 49 0 82 180 78 630 136 254 11 9
830 312 627 259 750 507 677 293 309 10 321
831 288 236 747 677 331 287 332 242 299 294
833 236 256 285 120 110 275 271 247 345 221
835 7 186 208 131 172 184 165 261 22 339
836 110 0 115 99 712 268 120 814 1013 49
837 49 282 171 267 173 292 257 175 190 510
838 124 287 272 294 281 247 12 618 292 234
840 312 325 750 337 327 300 309 259 354 749
841 270 749 337 271 342 309 689 897 688 339
843 0 654 171 82 195 677 221 432 90 63
844 304 343 270 1061 886 361 341 344 1175 1429
848 288 180 10 70 116 49 275 95 280 923
849 78 97 193 384 69 150 587 152 0 175
851 471 116 0 303 221 224 14 257 741 988
852 321 306 332 681 338 324 259 309 879 269
854 274 169 165 581 381 18 510 51 7 854
855 747 299 271 293 285 338 327 270 330 891
856 285 287 342 0 221 322 269 323 252 325
857 301 49 299 293 312 332 287 126 257 337
858 287 236 254 277 814 273 125 844 245 121
859 301 268 777 738 327 87 215 65 691 318
860 285 318 706 56 581 286 96 461 190 164
864 819 287 0 99 257 1046 545 24 150 2
865 300 302 268 285 303 310 257 689 330 878
866 179 172 186 171 242 264 126 482 299 88
868 236 150 224 285 475 0 24 299 863 306
871 244 116 312 277 14 281 545 321 750 339
872 312 285 287 300 303 306 689 271 332 322
873 257 285 267 301 318 49 18 269 126 507
874 133 7 55 337 203 88 482 196 78 194
875 126 99 317 215 49 287 184 207 190 474
876 288 197 212 87 301 96 267 287 708 1017
878 49 741 120 124 180 595 322 293 283 116
883 110 528 530 13 236 212 708 285 284 82
884 98 422 215 110 654 168 392 7 203 661
887 236 434 126 581 203 442 215 293 210 193
890 99 275 741 273 274 283 105 117 243 110
892 287 149 762 49 150 870 10 221 6 213
894 120 126 475 23 0 221 256 299 545 14
897 257 267 339 288 312 689 326 327 270 300
899 126 213 684 236 68 503 927 193 495 275
900 150 203 78 120 65 221 13 178 49 587
901 285 256 327 173 97 78 95 270 241 190
902 237 31 11 627 526 446 672 23 239 290
903 120 97 552 274 698 69 257 920 1040 271
904 287 99 236 116 747 285 306 331 300 330
905 8 123 287 150 285 276 743 1010 257 292
906 110 236 602 275 274 49 287 409 844 472
907 602 237 233 495 99 27 704 63 195 6
908 257 305 223 282 293 872 936 312 318 321
909 275 404 297 49 0 312 126 120 300 180
910 152 431 132 201 153 233 418 426 131 193
911 152 97 208 190 483 513 366 356 480 605
913 698 659 581 65 579 161 273 85 736 715
914 257 325 747 300 331 339 330 681 322 268
916 507 236 0 180 126 256 248 99 14 247
917 708 497 461 241 646 215 51 96 68 482
919 688 306 878 326 747 332 689 321 311 270
920 93 404 20 317 209 203 595 110 1032 236
921 401 404 167 178 227 0 195 392 230 558
922 146 404 299 78 251 281 6 117 120 824
923 180 78 479 426 203 49 209 97 221 181
924 321 327 293 287 871 326 872 257 877 1024
925 257 312 301 327 322 300 293 872 271 332
926 226 108 120 180 203 93 233 411 281 0
927 968 175 677 55 473 10 293 199 886 287
928 750 495 175 185 11 174 202 479 186 55
929 180 299 865 8 272 741 257 99 49 332
930 256 285 110 897 293 322 314 305 312 297
934 281 49 24 684 117 14 254 12 290 865
935 256 245 247 1011 812 149 285 257 844 287
936 285 301 268 99 302 13 12 812 250 276
937 117 930 287 120 410 404 119 596 6 254
938 20 1027 844 327 249 293 124 119 299 753
939 312 514 317 97 257 747 0 526 215 325
940 49 0 221 249 327 684 256 332 244 303
941 173 317 314 660 656 271 357 750 418 0
942 120 78 68 402 283 143 281 549 117 66
