2 312 747 285 300 268 689 288 681 309 677
3 312 332 747 285 268 301 300 689 325 271
8 268 257 301 312 302 299 318 288 300 305
11 68 69 172 422 209 180 55 63 21 78
16 49 275 257 126 274 287 13 123 180 268
18 285 268 99 300 299 301 288 293 49 274
19 49 221 116 14 236 124 70 203 24 256
26 6 116 275 0 236 180 221 272 126 257
28 257 312 287 332 327 326 300 689 271 288
29 299 287 327 747 332 268 244 322 321 325
30 268 285 312 257 241 326 304 300 689 332
31 49 0 236 120 180 14 257 24 126 124
32 299 747 287 325 331 689 326 300 258 321
33 299 332 312 257 327 747 287 325 300 306
34 287 312 293 322 244 306 288 681 309 689
35 312 299 257 327 689 326 300 325 301 331
36 180 120 183 232 225 1015 471 226 249 228
38 285 327 689 301 287 288 326 339 267 244
39 312 300 301 689 326 287 288 747 306 318
40 513 482 49 171 190 602 172 196 478 203
44 124 116 404 470 1027 221 273 1046 545 863
45 257 300 268 285 288 271 301 314 309 325
46 299 312 318 241 332 689 327 293 747 271
49 6 128 92 149 12 292 13 236 918 272
50 173 97 182 55 175 194 184 95 203 88
52 116 0 236 124 221 404 741 14 596 470
54 0 221 545 6 741 236 150 99 124 293
60 312 287 325 244 300 306 258 288 321 285
65 99 221 124 275 117 256 24 110 150 8
66 117 116 236 14 596 741 410 762 925 1027
67 0 14 99 150 221 256 273 283 293 254
70 99 257 126 268 317 293 0 274 299 97
73 285 268 299 49 288 318 241 126 747 320
77 257 299 285 747 327 244 312 332 14 0
79 285 257 317 301 190 173 318 312 602 126
85 332 300 747 312 301 689 306 325 293 291
87 268 332 257 327 326 302 271 288 339 304
92 236 24 110 117 116 49 470 741 273 404
97 285 268 49 274 482 190 196 317 193 99
102 0 236 99 14 257 150 6 124 287 24
104 299 327 293 300 288 325 321 244 322 309
106 293 327 300 288 747 689 271 244 318 306
107 275 8 474 116 14 150 24 110 507 256
110 299 689 318 267 288 326 305 346 749 287
111 689 287 325 314 339 267 331 318 269 270
112 299 332 747 301 268 300 312 474 275 306
113 173 193 513 171 434 478 479 602 134 510
119 49 180 293 287 221 117 99 6 299 747
122 268 317 257 136 190 282 123 180 356 115
123 55 99 180 126 175 182 11 88 184 233
125 747 306 300 268 309 258 330 342 285 270
126 312 327 180 322 677 750 258 244 332 325
128 300 689 332 327 339 288 318 304 305 314
130 115 12 236 282 474 318 257 14 49 320
131 99 474 275 13 12 6 115 128 8 220
132 332 300 287 689 747 301 288 326 306 325
133 287 49 288 180 244 236 321 332 99 221
135 284 318 241 49 257 12 301 267 220 320
136 293 287 257 124 677 322 741 126 244 150
137 49 173 478 126 190 180 479 477 426 274
138 268 257 300 318 332 339 326 304 689 305
139 287 299 332 312 327 747 268 326 325 306
141 257 49 285 299 312 99 268 126 301 55
142 299 747 268 300 288 689 244 326 301 309
145 332 689 285 287 267 747 302 304 749 288
146 302 285 301 305 241 271 299 326 346 288
148 332 689 287 288 747 306 314 346 293 749
149 236 257 110 293 24 14 285 6 274 116
152 285 312 299 268 287 327 332 301 271 747
153 99 268 126 97 293 55 180 299 312 267
154 257 299 332 312 268 300 288 301 689 267
155 97 173 55 99 49 602 482 126 473 478
156 236 120 14 8 6 180 474 124 12 256
161 99 474 272 126 275 404 545 117 55 23
162 312 293 327 301 288 267 332 339 314 318
164 49 293 99 299 285 97 312 55 0 747
165 332 325 244 258 677 288 306 300 689 309
168 312 285 293 268 327 332 271 288 321 322
169 299 747 312 306 288 331 300 309 689 285
170 300 299 332 318 271 327 241 288 346 749
171 478 473 653 193 190 169 356 479 483 660
172 257 332 312 287 747 306 244 339 309 271
174 173 97 180 317 356 203 193 190 68 167
178 312 327 326 747 325 331 244 293 322 346
181 275 14 126 274 150 6 8 24 116 12
182 549 402 232 160 384 194 230 565 81 678
184 99 13 282 136 123 0 241 12 318 474
190 257 332 689 326 267 302 288 346 747 304
191 236 13 12 274 284 8 474 123 14 282
195 274 13 282 236 318 136 99 275 8 14
198 287 299 747 288 49 300 332 318 236 301
201 97 173 602 478 49 513 99 482 473 184
202 299 747 327 312 244 285 677 332 321 120
203 268 318 312 288 689 305 271 327 332 304
204 287 293 322 244 300 306 689 326 331 301
207 691 735 731 190 659 68 214 450 654 392
208 301 302 299 312 689 318 267 339 304 288
210 257 293 312 49 322 747 327 321 287 258
211 169 513 602 212 478 482 301 97 136 302
217 97 173 473 184 178 233 88 181 186 237
218 285 301 300 339 312 318 271 267 299 305
219 312 301 327 326 689 747 306 325 244 271
224 173 482 660 198 204 434 356 495 478 483
225 99 49 126 180 0 275 474 120 221 116
227 268 257 299 300 301 332 327 288 339 302
228 300 689 332 326 304 267 288 318 306 305
230 236 14 124 116 117 24 221 110 741 99
236 479 483 193 510 653 317 134 477 660 495
237 14 236 0 116 741 596 24 221 1027 1046
239 257 327 332 293 325 689 322 285 326 309
240 257 332 327 747 326 300 325 285 268 244
241 285 268 300 257 288 299 318 241 689 320
244 14 120 0 124 117 236 116 24 404 224
246 285 274 257 13 99 236 318 282 284 288
251 236 123 12 49 284 507 149 120 92 257
257 299 244 325 300 258 321 306 268 677 326
258 49 99 55 6 0 221 257 126 78 173
259 327 689 326 306 300 331 322 301 330 309
260 299 257 327 312 332 322 677 306 331 309
264 120 0 24 293 221 275 404 596 475 254
265 268 257 99 299 288 300 241 301 287 293
271 184 175 602 99 186 88 317 179 181 478
272 268 285 301 300 257 305 241 299 267 288
277 301 299 332 327 326 271 339 689 267 288
280 299 312 327 747 285 244 306 268 258 326
281 312 327 747 300 285 244 325 689 288 322
282 0 120 236 14 110 24 117 404 180 116
283 326 287 314 241 293 320 244 325 270 291
284 49 180 285 126 293 97 173 0 55 6
288 117 116 236 180 596 49 545 256 24 110
299 747 332 322 325 257 677 312 244 306 331
301 299 312 332 287 325 677 258 331 689 326
303 257 747 244 288 332 322 300 325 268 689
305 236 14 275 284 8 0 254 125 120 123
308 312 327 268 287 747 300 288 293 301 306
309 285 236 299 14 275 268 8 288 0 99
316 257 332 293 306 326 331 681 342 258 357
318 257 299 327 287 747 293 326 325 689 244
321 99 285 97 55 173 474 123 180 268 6
332 285 257 312 49 288 327 271 300 287 180
334 293 300 285 326 325 689 301 288 331 309
336 0 293 116 257 404 236 117 173 299 287
339 68 495 96 193 209 190 131 132 392 482
340 332 257 299 747 327 325 312 322 306 331
348 6 0 116 49 12 24 150 741 110 221
349 99 126 55 602 317 473 356 513 193 179
350 332 257 689 268 301 293 271 330 681 258
351 184 173 183 199 10 52 217 186 187 200
352 312 287 747 268 293 689 301 288 306 322
354 332 312 325 257 689 326 747 300 331 330
355 300 689 268 288 326 301 287 244 339 302
357 169 513 305 302 516 85 268 602 241 304
358 287 257 293 49 299 99 332 677 327 221
361 325 306 300 326 689 285 288 268 309 677
363 257 299 312 327 332 747 300 244 322 321
365 4 182 664 175 155 88 99 95 22 174
367 184 199 442 664 175 163 323 155 257 173
368 257 312 299 287 332 327 285 747 293 301
370 55 171 175 194 88 95 203 167 186 172
374 52 183 218 55 447 435 97 16 200 664
375 99 49 285 126 275 474 123 284 136 257
376 293 299 49 327 332 285 180 173 301 326
381 123 128 918 284 12 272 92 9 220 514
383 257 287 293 322 325 244 300 321 306 285
385 180 0 287 256 293 741 124 99 236 257
387 293 747 285 244 321 326 288 49 331 357
389 268 300 241 13 320 267 293 287 312 302
394 221 116 293 117 404 68 124 24 203 70
395 293 257 747 322 117 180 49 256 325 6
399 312 332 288 301 244 321 326 325 309 267
402 236 0 49 14 124 741 404 24 281 293
403 287 325 300 285 321 314 750 270 681 346
407 332 300 268 689 325 288 244 306 322 321
409 332 300 301 287 326 271 293 306 244 325
410 173 97 172 203 78 68 422 175 182 190
411 49 97 257 180 99 126 285 293 312 175
412 287 293 312 99 747 267 318 320 241 321
413 285 312 268 327 49 332 288 267 244 321
414 602 513 97 483 173 660 473 481 510 285
417 689 747 271 293 285 306 325 244 288 270
418 482 478 479 660 193 602 483 356 198 481
419 285 268 241 302 284 267 305 339 257 320
423 257 299 312 747 327 321 244 268 300 677
426 332 312 747 325 287 322 306 689 293 300
427 332 257 327 326 268 747 287 309 244 681
430 257 312 287 327 332 325 300 288 677 309
432 257 287 299 312 326 327 288 300 318 99
433 0 741 116 24 596 281 283 404 1027 410
437 124 110 24 274 275 116 150 741 273 221
438 257 285 268 293 301 332 747 267 312 288
439 268 300 301 285 302 332 257 326 304 305
440 257 299 49 285 747 180 327 288 244 236
442 287 299 327 301 300 689 306 325 288 267
443 287 293 300 301 332 288 267 689 326 339
445 299 257 312 332 288 271 309 339 322 321
447 689 312 299 271 305 327 241 346 314 288
460 285 299 300 288 287 267 327 339 332 689
461 257 293 747 327 332 244 321 285 306 300
463 312 49 99 126 244 322 309 267 689 318
466 120 180 128 507 236 8 221 285 12 293
468 513 169 478 660 477 481 479 190 356 434
469 13 123 236 274 115 241 110 14 120 268
470 70 124 117 14 20 120 180 755 62 221
472 474 99 285 268 257 284 92 149 12 287
474 268 299 293 287 300 288 327 301 271 267
476 110 65 273 274 124 475 69 691 735 120
480 173 68 193 190 482 422 495 167 96 171
481 257 299 293 312 332 285 322 321 325 677
482 173 126 171 99 190 482 193 434 422 68
484 299 257 332 689 301 326 271 314 339 309
489 275 120 12 128 13 507 24 284 274 110
490 13 275 241 136 268 274 220 8 12 301
491 49 97 190 602 169 473 356 173 179 193
493 126 274 257 275 268 299 317 13 282 482
501 327 747 322 325 244 306 331 321 681 688
506 257 293 325 306 258 321 331 300 288 357
508 293 312 747 327 332 322 180 285 244 677
509 747 327 325 306 331 681 342 309 330 326
510 257 747 327 325 306 326 322 331 244 330
511 287 97 293 173 299 126 332 180 175 171
512 293 120 287 257 0 747 677 596 256 6
514 332 325 300 326 331 244 258 688 330 271
515 173 317 482 171 0 99 68 126 356 97
516 293 287 747 312 327 285 244 288 300 322
518 325 681 306 689 330 688 342 322 299 894
519 257 312 327 287 300 747 332 244 321 322
521 97 173 55 473 182 482 49 478 602 184
524 49 116 257 180 293 6 221 741 8 470
527 171 97 175 182 194 21 312 95 299 78
528 299 332 312 747 300 288 301 306 689 267
529 285 180 317 0 257 236 68 274 293 126
530 312 332 327 257 325 293 306 300 309 681
538 69 85 190 13 513 317 212 581 99 282
539 236 120 275 116 126 287 274 24 150 404
543 299 332 747 244 300 689 306 288 268 326
545 332 747 299 327 322 325 677 326 244 306
546 268 285 299 287 689 271 293 267 326 747
548 116 124 14 221 404 741 150 596 470 24
549 257 677 117 116 244 596 741 14 256 325
554 99 0 236 285 293 14 126 275 221 274
555 285 268 257 97 173 513 301 49 482 312
556 257 285 301 312 332 747 327 300 339 323
557 284 275 12 220 474 136 99 8 241 236
562 93 87 392 120 65 450 70 0 62 14
563 257 287 747 293 327 677 325 306 321 258
564 13 284 581 85 115 274 136 735 282 528
569 312 299 268 332 327 293 326 271 267 339
570 513 482 478 477 660 473 479 481 506 169
571 274 236 275 285 284 99 282 14 115 474
572 99 180 0 236 317 482 97 190 221 14
573 312 285 300 327 304 305 267 749 306 747
574 257 173 287 299 312 171 285 99 55 182
575 285 257 99 0 299 268 120 287 126 288
577 299 747 327 332 312 325 321 306 270 357
579 287 116 677 327 244 312 117 321 256 332
580 13 123 115 136 12 285 128 92 149 9
581 116 0 117 741 99 293 545 275 146 281
582 97 55 173 178 513 602 473 184 186 179
583 49 180 293 173 0 299 194 209 120 116
588 327 747 325 244 689 331 268 309 301 342
589 123 282 0 49 110 136 120 24 6 507
593 99 268 257 274 284 126 275 123 115 136
595 285 99 268 747 267 288 236 474 49 332
596 257 236 287 285 747 120 124 116 99 256
597 299 332 327 300 287 747 326 285 306 301
598 124 14 279 741 863 24 1046 120 125 283
601 257 299 287 312 327 322 332 244 321 325
602 49 194 55 97 95 209 227 78 88 81
603 97 287 435 49 218 446 175 180 173 257
606 13 284 115 513 169 282 285 268 508 581
608 299 312 332 327 747 322 325 306 244 689
610 257 301 326 327 689 747 325 271 270 331
611 124 120 49 180 150 221 24 470 110 741
612 236 274 14 285 99 8 282 13 180 284
613 236 120 14 124 110 117 150 741 49 6
615 293 244 306 300 689 326 331 258 309 301
622 99 173 513 190 317 0 356 196 97 426
625 299 268 321 301 244 326 325 270 300 677
627 312 285 327 268 300 747 288 244 271 326
630 257 332 299 327 326 287 301 268 689 747
632 49 99 180 257 173 6 11 126 95 10
634 257 287 285 312 332 288 244 321 301 49
635 236 14 275 49 24 13 110 12 150 285
640 285 268 602 169 478 305 481 482 301 271
643 287 677 244 124 0 221 117 14 312 741
645 327 332 747 287 293 325 322 244 300 306
646 180 0 49 117 293 124 596 287 257 150
648 236 124 117 221 404 741 256 596 150 24
650 268 257 299 300 318 288 301 287 312 327
651 257 312 327 747 325 677 321 288 309 689
655 312 257 689 299 339 332 327 304 267 318
656 99 6 287 257 275 49 126 120 123 116
661 13 220 123 115 474 136 8 282 99 128
666 285 49 513 257 99 190 301 173 482 196
667 312 747 300 314 301 244 689 326 267 750
669 482 193 434 660 135 513 495 477 356 426
671 236 0 120 124 275 110 8 99 116 150
672 301 312 318 339 288 305 99 320 689 332
673 257 747 327 180 236 321 332 258 325 285
674 268 241 318 301 339 689 300 271 267 320
676 287 293 257 49 116 180 120 99 117 256
677 99 120 8 150 124 116 12 221 13 470
678 257 171 172 97 299 209 285 312 99 215
679 49 0 180 236 126 6 257 221 293 150
680 312 299 332 300 747 325 306 268 326 322
684 257 332 312 299 300 287 327 689 267 288
686 257 327 293 332 285 300 288 268 322 325
687 299 332 312 327 257 747 322 293 244 689
688 180 257 0 293 287 116 99 236 126 741
690 173 182 473 478 233 483 175 186 482 171
691 236 14 0 120 124 110 49 150 117 116
694 257 332 268 301 327 326 689 285 747 339
695 268 299 285 257 689 300 271 332 327 302
699 99 97 126 55 171 0 203 356 482 63
700 285 257 268 300 293 301 287 318 747 267
701 327 332 322 325 270 677 750 244 306 331
702 285 99 120 312 288 126 244 327 14 332
705 299 747 327 285 312 322 677 321 116 288
712 689 332 271 299 327 300 257 304 302 325
713 117 221 124 741 545 256 293 24 287 410
717 116 124 596 236 293 287 0 180 747 256
718 14 0 274 110 24 180 150 99 221 273
719 300 689 299 326 302 327 304 339 271 306
721 257 49 287 293 0 285 120 180 275 116
722 285 268 49 299 312 293 287 99 301 300
724 287 293 268 288 747 49 312 327 267 301
725 293 747 299 287 257 327 677 244 332 312
727 274 110 282 13 273 279 735 12 814 475
728 257 322 325 244 258 300 306 288 309 677
729 287 293 285 312 288 332 244 267 0 322
731 257 268 312 300 332 327 301 287 747 326
733 49 180 0 99 482 126 356 193 68 236
734 236 49 274 287 13 120 12 14 293 110
735 236 275 99 8 0 120 14 474 116 274
736 49 99 55 97 180 173 6 0 171 78
738 312 271 299 257 173 689 327 309 268 270
739 257 312 300 332 689 326 244 267 271 306
741 120 126 293 275 256 287 285 150 24 8
742 285 257 312 318 241 332 327 339 689 747
743 99 285 257 268 97 180 173 123 513 317
744 49 126 478 602 513 356 317 171 473 55
745 173 194 97 209 175 227 21 120 167 172
749 257 332 312 325 322 306 288 326 689 301
751 268 332 327 302 314 749 267 318 331 244
752 97 602 257 126 317 171 478 513 190 479
753 257 293 299 287 747 244 322 285 288 321
754 257 312 285 332 327 300 306 325 322 267
758 293 747 287 285 312 288 244 322 300 332
759 14 0 120 236 117 110 70 87 150 24
760 120 116 124 117 741 256 99 404 6 596
761 285 268 318 300 241 257 267 288 302 13
764 99 275 474 12 123 115 8 282 0 268
766 513 478 602 479 483 473 660 481 506 193
767 236 14 124 180 273 275 254 99 221 117
768 236 124 0 116 117 741 24 470 221 596
769 293 285 99 236 275 120 116 332 244 8
770 285 268 299 49 300 327 287 271 747 318
771 257 327 293 332 747 285 268 300 288 244
774 312 327 332 300 287 747 293 288 244 314
776 49 180 236 120 221 150 110 275 24 6
777 180 49 402 95 171 209 11 54 549 225
778 0 120 49 236 117 124 150 116 404 24
779 173 49 55 257 482 172 268 312 180 190
780 49 293 299 312 268 97 55 171 327 172
782 747 312 325 322 326 293 331 681 244 677
783 299 287 747 293 300 689 288 244 301 326
784 257 293 312 299 49 285 173 97 327 332
786 312 327 300 326 747 271 285 287 288 314
788 99 275 6 236 120 123 116 12 149 128
790 257 293 312 747 332 301 322 325 306 267
791 236 117 116 124 14 741 404 24 283 221
792 6 474 116 99 117 741 92 236 545 409
793 99 257 275 13 123 6 8 284 287 236
796 257 293 287 312 322 244 332 325 288 321
798 268 299 312 293 287 301 99 126 300 332
799 49 99 180 6 0 287 120 116 257 97
800 257 312 747 322 244 677 321 288 331 326
801 287 332 312 747 327 681 357 306 270 342
802 257 299 312 300 332 327 301 288 287 318
807 257 327 268 300 747 326 689 288 306 267
808 299 287 293 332 268 244 300 321 322 325
809 257 327 747 288 689 244 301 322 326 306
810 287 312 327 332 244 321 49 677 325 180
811 299 257 332 312 322 321 306 258 331 689
812 299 327 747 257 312 332 322 325 287 244
813 435 446 4 97 183 200 182 233 216 163
815 299 332 747 327 322 677 244 306 321 326
816 287 116 293 99 49 120 180 221 272 126
817 257 268 312 287 300 332 326 293 267 339
818 268 257 285 300 312 327 287 288 332 689
819 257 293 299 327 332 244 285 49 322 180
820 49 236 150 221 24 124 110 470 126 256
821 293 287 747 299 257 322 677 327 312 244
823 257 299 312 332 327 747 268 300 689 301
826 299 327 332 287 268 285 747 293 288 326
828 284 136 115 285 282 268 474 581 220 275
830 293 312 285 288 321 677 236 268 300 221
831 299 287 747 312 677 332 288 258 49 242
833 285 236 0 275 180 299 8 120 288 14
835 285 301 513 97 339 302 478 482 173 186
836 110 0 120 124 8 470 254 125 49 99
837 49 257 287 126 0 293 221 120 97 173
838 99 0 14 8 6 12 116 24 124 274
840 257 312 327 293 325 244 300 326 689 321
841 257 299 301 332 300 327 285 689 326 271
843 285 312 293 287 268 173 327 171 97 301
844 332 326 300 304 327 302 299 306 339 314
848 180 49 0 117 221 116 194 70 209 95
849 68 422 49 0 87 495 434 193 142 190
851 116 0 120 293 221 287 124 257 236 741
852 312 332 306 321 689 288 309 681 342 268
854 169 13 212 284 268 115 285 136 581 513
855 299 327 293 747 287 332 285 244 288 300
856 285 287 268 288 312 300 747 332 327 301
857 257 287 299 293 312 332 747 327 301 300
858 236 124 120 814 273 475 755 12 279 274
859 268 314 318 327 257 339 301 267 305 320
860 268 285 69 318 380 581 115 284 267 212
864 49 0 180 99 221 236 117 287 404 150
865 268 285 257 300 312 288 267 339 689 327
866 55 171 126 99 88 172 0 233 203 11
868 236 124 0 274 110 120 24 8 254 275
871 293 299 124 244 677 116 120 312 332 325
872 312 285 287 268 332 327 300 301 747 288
873 99 285 49 274 284 268 126 8 136 236
874 55 602 285 99 186 317 178 179 174 478
875 285 99 268 257 49 301 126 287 267 318
876 301 267 312 300 318 288 271 287 302 326
878 120 124 117 116 24 110 741 470 404 49
883 285 13 284 318 136 282 241 267 85 212
884 65 392 93 691 68 203 201 738 14 62
887 13 284 274 115 282 275 12 318 123 236
890 275 120 0 274 110 99 8 12 124 150
892 120 117 741 545 6 596 180 221 124 49
894 257 99 236 0 285 293 287 120 126 299
897 257 268 312 300 301 332 288 327 293 267
899 99 6 0 49 275 180 126 236 116 150
900 49 0 120 422 203 68 209 221 117 14
901 0 285 99 236 126 221 14 287 120 116
902 6 49 126 474 11 173 233 120 199 175
903 69 87 691 110 236 14 274 731 380 48
904 287 49 99 293 0 236 120 285 180 116
905 236 49 0 8 274 12 180 126 24 110
906 236 14 120 110 0 24 275 741 274 470
907 99 49 173 602 473 182 126 482 513 233
908 268 318 241 301 302 305 267 284 339 300
909 257 49 293 299 285 180 747 312 126 0
910 49 193 171 131 68 180 132 190 135 426
911 513 173 190 97 356 434 478 426 473 68
913 65 380 48 69 731 85 791 738 274 659
914 257 747 293 285 300 268 288 244 689 325
916 236 14 0 99 120 274 110 8 12 150
917 85 735 516 284 528 508 13 115 82 196
919 332 312 326 257 287 325 747 306 689 300
920 236 120 117 293 116 49 221 404 741 110
921 203 87 392 68 120 422 81 180 96 401
922 257 293 747 299 120 677 322 49 596 117
923 236 49 99 14 274 275 180 8 24 110
924 287 257 299 293 747 312 327 325 326 244
925 257 268 312 293 301 300 267 327 332 318
926 120 117 0 404 150 116 741 180 24 410
927 257 299 287 312 293 747 327 322 285 325
928 97 55 182 175 49 171 99 233 126 11
929 49 0 236 180 99 257 293 14 221 116
930 299 285 312 300 288 327 293 747 332 287
934 14 0 124 116 117 49 221 24 404 150
935 275 99 123 6 236 12 149 257 128 285
936 285 99 13 275 236 268 49 257 123 12
937 120 116 117 0 236 741 596 404 221 6
938 124 117 596 755 14 741 925 116 236 1046
939 257 312 293 327 285 287 268 747 332 300
940 49 287 99 293 0 126 120 221 299 747
941 299 257 293 285 327 747 288 321 258 332
942 549 120 232 402 67 545 52 384 577 37
