3 747 312 331 271 342 749 322 878 301 677 325 321 681 332 285 55 173 288 330 306
8 126 99 196 97 268 193 257 301 513 22 318 184 434 516 210 55 299 302 300 215
16 24 92 254 49 146 128 123 256 234 247 120 13 180 126 221 245 257 249 117 14
18 99 172 237 171 55 268 126 299 185 196 97 167 285 49 293 215 203 180 173 68
26 257 404 275 272 124 221 116 6 236 281 545 293 146 0 126 321 249 122 457 256
32 331 688 258 326 299 330 325 298 689 747 321 271 287 341 348 687 354 242 349 300
33 307 326 881 304 681 325 994 305 268 302 300 879 748 936 872 338 873 343 682 886
34 322 872 681 298 987 329 287 682 312 288 689 293 330 306 748 688 342 686 259 687
35 326 331 298 880 307 325 748 689 682 322 304 342 879 688 348 329 258 300 875 677
38 304 689 310 343 307 325 311 881 749 315 897 901 301 302 994 309 353 348 339 750
45 300 257 270 116 268 309 123 324 0 285 256 269 321 301 322 267 325 288 271 236
46 304 689 241 327 311 258 314 271 747 269 307 299 312 325 309 331 872 346 332 318
49 128 6 92 272 220 284 918 257 740 236 457 120 292 288 1016 843 149 332 301 627
50 81 88 142 21 27 97 78 173 95 99 68 70 152 0 167 134 174 126 96 55
54 99 97 209 0 175 126 23 236 11 182 221 6 227 95 233 203 249 194 173 171
60 312 681 269 342 325 306 300 878 688 314 682 331 271 749 307 258 343 537 287 321
77 257 99 110 747 275 124 285 410 116 247 245 49 814 844 13 299 267 14 0 281
85 304 331 307 994 298 689 681 881 305 748 302 936 325 300 873 872 339 291 338 267
87 343 881 268 304 271 901 994 348 346 331 302 325 681 311 305 326 872 904 682 339
92 273 125 279 99 12 472 117 741 404 409 24 219 110 116 545 224 755 410 283 236
97 203 196 193 207 285 268 215 152 126 318 237 99 185 190 662 708 49 201 13 356
104 302 309 330 298 322 345 299 749 324 325 346 293 677 331 681 300 750 327 314 304
106 342 306 325 271 293 345 269 689 327 330 346 300 677 288 681 314 747 331 309 302
110 311 345 749 346 307 881 901 689 305 344 269 326 267 309 315 331 681 899 299 291
119 99 110 249 117 180 254 146 273 23 239 49 122 150 125 272 234 274 247 221 6
123 174 88 175 55 185 182 227 203 180 21 81 181 152 54 99 11 178 68 186 134
126 180 677 312 750 55 173 327 269 357 258 878 175 322 0 268 97 249 116 21 271
131 513 22 474 97 12 99 237 167 196 180 473 13 133 6 128 203 169 115 208 190
132 300 326 332 270 343 747 302 306 325 346 269 301 878 689 677 339 322 287 311 310
133 55 99 126 110 97 120 21 242 124 150 24 49 221 8 236 116 244 180 173 6
138 13 332 284 257 123 474 268 12 220 128 747 743 272 288 275 300 136 292 740 689
139 287 271 326 269 99 306 309 332 258 320 291 299 327 268 330 325 339 322 312 302
142 331 299 268 677 301 878 300 747 689 326 270 298 291 267 288 339 328 242 269 244
145 343 901 881 304 348 307 681 689 298 904 994 331 325 302 1023 749 341 349 880 907
146 310 271 881 302 305 343 307 314 311 901 346 994 301 899 315 309 902 345 325 748
152 0 10 116 131 27 120 30 172 11 95 134 6 143 81 167 97 175 99 88 68
154 321 312 332 677 300 257 288 299 689 306 271 301 258 244 329 242 298 269 339 309
162 134 133 171 152 21 173 49 181 11 126 68 78 179 167 180 131 184 172 99 69
165 258 332 331 878 677 306 270 688 681 325 300 326 271 269 288 49 268 330 244 259
169 242 331 747 326 681 299 688 306 330 329 328 342 988 312 689 872 878 324 682 687
201 133 186 193 7 126 152 55 196 173 179 21 97 49 134 167 68 209 180 131 99
204 301 300 322 291 258 326 293 339 49 306 270 269 330 244 331 302 342 309 287 271
211 133 169 581 482 49 212 55 97 173 63 11 461 99 479 356 134 180 186 7 215
219 322 49 301 241 99 323 261 326 312 320 244 306 271 269 325 291 327 321 309 298
224 131 132 204 660 173 495 198 68 49 97 317 96 186 418 195 194 434 356 190 422
227 180 299 339 99 49 173 317 293 55 268 196 257 126 68 172 215 171 179 21 236
230 24 124 236 110 249 244 117 274 99 257 116 6 146 8 256 221 275 273 234 14
239 343 681 688 325 331 322 341 689 326 349 298 677 354 332 307 901 330 258 346 682
240 343 298 325 346 348 326 332 354 901 341 330 271 904 322 300 878 880 304 307 747
241 284 287 99 285 300 275 257 332 747 312 675 288 13 321 268 299 301 741 689 306
244 124 256 293 120 110 117 0 224 116 925 404 14 236 99 475 471 273 24 545 242
246 68 97 99 7 116 126 21 173 11 136 24 13 171 82 172 55 180 167 78 14
251 49 92 287 136 12 220 123 284 115 150 120 236 282 272 149 116 245 24 257 9
257 325 299 681 878 688 677 300 258 315 346 306 682 537 268 341 749 321 311 338 342
259 348 307 331 343 298 901 338 748 904 688 689 354 682 872 360 341 326 907 304 879
260 322 257 677 299 327 312 688 256 306 331 878 332 741 297 254 49 681 236 288 357
265 18 99 257 49 12 268 115 287 92 110 126 6 220 8 275 136 288 241 0 14
272 268 300 311 301 881 305 343 749 345 307 994 325 267 353 886 332 897 309 904 902
277 49 302 749 99 299 270 173 750 301 327 271 126 339 269 180 196 171 306 55 309
280 682 258 677 688 326 299 312 747 872 748 878 338 242 298 342 348 687 880 306 327
281 271 346 681 312 269 747 300 677 330 331 749 325 894 689 345 327 285 49 288 314
288 283 410 819 224 455 825 110 1046 471 545 104 116 863 234 1027 755 596 273 117 239
299 747 410 677 257 596 405 116 297 322 124 925 741 1046 762 870 249 545 404 117 120
301 325 312 332 331 287 677 242 326 299 681 258 263 330 259 324 285 301 291 342 309
303 257 49 300 124 677 322 747 14 120 256 0 288 331 116 99 332 254 244 267 221
308 331 326 329 872 298 873 681 291 307 748 288 936 322 258 242 682 338 879 321 880
309 249 247 0 282 12 285 125 116 236 296 268 99 124 472 14 404 312 300 150 110
316 681 688 331 326 342 306 341 894 257 332 880 689 293 357 300 348 271 337 345 242
318 326 325 342 298 348 271 322 677 346 689 343 880 894 349 747 341 682 901 330 299
334 293 309 339 269 325 298 300 681 326 330 302 285 342 271 345 301 688 331 314 267
340 880 679 331 322 326 688 872 265 349 338 677 242 682 348 325 342 341 680 354 687
352 346 681 747 688 312 298 343 268 306 322 301 341 901 287 878 689 677 872 894 267
354 307 360 348 331 748 880 343 994 298 1023 338 872 682 304 882 907 689 1061 904 326
355 689 681 343 307 331 268 300 326 901 304 749 298 879 878 302 872 338 348 881 339
361 681 325 306 677 894 300 342 878 326 270 330 269 309 242 298 258 346 339 271 341
363 300 257 326 331 327 747 872 325 332 339 299 677 321 291 871 681 322 298 873 306
368 257 342 269 323 312 747 287 263 293 259 346 249 677 256 268 301 271 339 299 99
383 681 331 325 322 298 677 689 300 330 257 341 894 306 258 348 349 321 287 682 343
385 180 251 471 741 249 297 146 287 830 256 257 290 293 590 281 234 99 0 594 410
399 267 301 332 271 288 339 269 681 309 326 342 321 346 242 677 312 749 330 325 314
407 268 332 331 325 267 300 322 339 306 681 689 258 677 330 298 302 342 309 304 343
409 343 271 307 749 300 901 325 304 348 302 681 331 269 878 309 258 750 305 341 301
413 116 242 269 55 244 221 256 285 245 258 49 6 270 126 275 268 288 267 236 180
414 49 190 171 97 134 99 173 356 167 180 126 174 172 186 131 182 88 152 193 178
417 271 901 307 346 348 689 681 315 325 304 881 302 897 341 688 353 331 306 309 349
430 49 269 325 242 300 327 267 331 309 312 287 257 288 258 330 303 332 314 271 270
440 110 99 254 146 180 236 221 257 126 247 117 124 150 49 251 242 268 256 249 244
442 55 49 271 288 21 287 126 306 221 267 97 173 299 180 301 171 321 269 258 99
443 300 749 301 310 689 339 269 221 314 878 293 332 236 302 311 322 0 256 325 126
460 288 299 180 99 267 287 236 285 271 327 339 13 314 300 256 0 110 244 126 24
470 70 624 62 180 422 431 945 418 754 472 209 172 171 142 471 203 819 27 131 201
474 78 110 120 136 21 97 0 171 11 68 55 13 152 8 167 24 172 116 6 14
481 257 116 299 99 236 267 254 306 249 285 180 270 301 258 303 269 309 293 271 259
484 331 257 689 301 326 271 269 267 339 309 291 307 304 258 332 322 314 681 299 321
508 258 180 322 99 270 285 314 327 271 293 126 244 263 242 326 321 330 312 269 268
510 880 326 677 322 688 331 342 325 747 341 327 257 878 330 349 306 875 679 258 348
511 68 186 126 21 97 287 173 299 11 293 99 179 78 172 194 233 180 63 131 236
512 95 146 281 0 120 287 124 677 173 256 293 6 454 99 596 175 741 257 194 78
515 55 116 172 7 21 97 0 196 11 152 63 95 173 68 194 99 209 171 126 78
519 124 0 254 116 12 126 49 257 221 236 110 13 180 8 256 120 274 244 6 14
530 325 312 681 307 688 298 677 271 878 682 348 332 268 300 343 342 257 338 306 327
543 677 299 268 300 332 689 747 244 321 306 314 301 269 341 346 326 271 681 339 267
546 268 689 271 267 326 299 325 749 304 306 309 269 901 345 747 681 343 293 287 330
548 124 221 256 257 116 234 24 283 146 150 273 6 275 8 281 249 285 254 110 14
557 220 12 284 223 9 136 276 92 739 99 286 1007 278 148 128 712 125 15 8 457
562 93 203 392 87 65 201 185 116 0 404 293 721 238 120 143 215 110 221 24 55
569 180 268 298 291 259 271 49 309 99 303 126 269 293 258 306 267 311 305 299 241
570 478 134 482 133 479 131 510 513 196 174 68 237 179 602 317 7 169 426 191 473
571 285 267 136 99 220 284 115 301 300 275 257 92 282 236 474 6 274 268 287 286
574 27 63 116 7 21 57 55 133 11 69 0 6 88 8 131 96 134 99 68 14
577 747 270 267 116 357 299 312 327 49 180 269 285 878 301 256 750 326 341 332 688
580 18 128 136 123 12 115 19 9 13 92 301 1007 285 241 1128 149 267 235 150 951
582 97 99 172 134 49 173 169 180 55 63 88 126 178 78 179 171 181 167 133 22
583 49 173 0 180 88 404 175 167 227 249 256 172 143 379 194 116 55 209 120 99
593 8 190 284 126 12 99 136 321 268 274 288 0 293 24 299 282 514 275 257 6
595 244 99 285 116 324 332 120 747 221 326 49 6 590 281 741 236 327 321 306 126
597 343 271 314 901 881 325 688 681 315 354 341 331 904 907 878 300 353 345 330 304
601 281 117 270 249 99 297 242 306 244 254 221 6 299 288 300 257 312 287 285 14
603 435 446 97 22 218 175 173 128 155 451 670 178 671 287 88 674 181 95 237 174
608 299 747 312 300 256 49 267 677 268 285 99 269 221 346 327 322 249 750 686 270
611 124 49 110 472 677 150 293 180 256 221 120 257 99 322 476 471 741 595 303 242
612 482 180 68 198 99 299 173 196 285 190 7 8 171 78 179 209 55 21 97 11
625 300 299 682 324 306 301 268 325 259 342 689 321 326 677 330 258 49 270 269 244
627 49 180 285 99 244 271 258 309 242 300 268 126 303 55 306 270 312 302 288 267
630 268 325 326 332 346 257 749 298 299 901 343 322 689 747 301 331 302 327 314 342
634 110 120 221 126 124 117 24 247 146 180 49 13 242 8 245 123 256 244 99 6
635 18 49 180 125 12 110 126 236 115 116 123 13 136 24 234 150 256 124 6 14
645 343 307 688 258 325 271 342 322 341 749 894 878 747 268 897 338 332 354 537 300
648 124 221 248 236 150 293 24 410 110 251 99 247 257 273 404 117 471 283 256 6
650 302 268 304 318 339 300 257 13 689 936 301 288 312 320 287 271 323 269 99 324
651 120 70 236 21 99 242 0 257 173 180 49 110 126 117 254 221 288 209 116 14
655 901 304 881 689 311 904 314 312 305 307 310 886 339 348 331 298 332 879 681 353
656 146 120 221 116 12 180 92 249 49 126 24 6 149 123 247 99 256 245 236 14
661 13 220 123 99 236 282 136 296 1141 18 128 292 743 256 257 125 247 474 457 286
671 124 236 13 12 125 110 282 117 284 120 99 404 0 256 150 285 273 8 116 275
672 55 99 196 97 288 270 49 318 173 305 309 301 312 269 315 180 320 306 304 126
674 268 296 301 271 901 165 307 1021 886 749 312 164 879 241 314 689 320 291 318 339
677 282 150 234 125 12 283 99 404 120 273 124 117 219 8 285 221 470 279 256 116
680 307 881 343 312 325 268 331 348 300 682 749 304 748 314 322 271 332 311 302 688
684 331 332 267 287 873 330 325 288 689 345 261 291 304 302 300 306 874 885 871 681
686 259 306 309 268 288 267 257 326 269 293 321 258 322 242 325 285 327 300 271 270
687 307 880 298 688 682 326 322 748 872 349 342 679 689 341 687 343 875 907 879 878
690 233 99 173 131 182 126 473 167 180 481 422 171 132 442 193 356 513 199 190 134
694 343 307 326 901 689 348 331 298 346 268 302 325 904 271 882 880 748 339 301 886
695 268 749 271 302 689 126 285 307 899 305 514 344 299 257 339 288 897 332 241 270
699 55 69 116 68 94 81 0 126 11 96 7 6 70 21 120 99 131 97 88 63
700 241 293 304 126 268 306 300 311 282 285 236 13 244 305 309 301 318 287 257 247
701 270 180 688 750 677 357 322 49 259 679 889 327 894 538 269 891 271 341 265 337
705 150 122 256 116 124 239 110 285 146 234 126 120 275 55 281 249 288 236 221 14
719 304 881 689 302 300 343 311 307 901 339 271 310 749 345 936 899 269 886 325 1023
721 24 116 256 122 0 49 126 257 120 247 221 124 234 8 239 244 272 254 180 14
722 68 63 97 7 55 69 49 120 11 99 21 13 78 8 116 88 126 115 6 14
724 116 110 120 126 12 124 24 236 0 146 136 13 150 123 221 117 241 149 49 6
725 596 925 410 747 404 1015 826 251 110 254 249 1046 814 124 741 545 297 293 287 870
727 124 293 110 747 257 8 275 299 287 285 120 117 300 404 49 0 244 590 13 273
728 681 322 342 325 677 258 341 348 894 270 331 346 257 330 343 306 314 300 749 326
731 326 302 298 325 307 879 305 291 873 748 300 338 268 329 681 322 332 339 994 886
735 257 297 249 1141 248 296 251 293 747 1015 294 1006 116 299 1011 236 323 1257 301 270
736 68 133 181 22 171 190 97 237 55 173 194 134 203 99 208 180 317 178 167 49
739 257 99 300 267 236 306 244 312 49 242 126 271 269 305 309 291 314 303 302 258
741 97 92 125 55 110 117 23 128 11 123 24 13 120 8 126 122 136 124 115 78
742 136 241 244 123 12 247 116 257 49 180 120 13 254 8 256 126 258 236 0 6
743 186 167 179 99 123 257 55 287 11 180 173 133 284 203 285 97 293 181 171 6
753 124 590 716 321 865 125 273 110 279 293 404 120 470 863 747 545 290 923 814 596
758 117 110 281 124 236 285 99 293 24 254 49 6 287 283 288 275 300 273 244 14
761 99 268 282 285 274 13 300 257 136 250 241 247 299 284 267 49 296 256 287 254
764 18 115 220 99 12 123 19 0 282 474 256 6 110 212 190 8 257 180 268 150
768 273 116 236 741 1046 124 117 0 925 596 254 290 249 23 281 99 475 247 24 146
771 288 244 285 270 300 681 242 872 271 327 688 293 689 332 747 257 330 301 268 291
774 307 881 348 901 304 346 314 312 345 302 325 331 904 681 897 300 341 310 994 315
776 27 78 131 7 110 68 21 143 11 117 49 88 63 8 134 24 150 120 97 6
778 99 78 110 116 68 117 24 171 124 126 120 23 146 8 150 49 173 143 97 0
782 326 331 298 325 681 747 677 322 346 312 341 343 271 688 901 348 349 689 269 354
783 331 326 301 300 299 747 749 689 267 330 315 321 304 293 345 346 342 287 258 681
784 99 116 133 27 63 131 22 152 55 88 95 6 134 78 143 97 171 126 68 49
788 24 245 256 99 12 128 116 272 149 234 150 13 257 123 267 120 275 236 6 14
790 55 123 124 97 110 78 24 126 11 120 21 13 116 0 117 99 150 136 6 14
793 115 256 221 150 12 13 123 136 99 257 6 120 267 249 282 108 24 287 168 116
796 120 99 256 236 257 258 0 287 259 269 116 254 242 244 271 221 288 270 267 14
798 190 126 293 55 312 271 196 602 180 356 99 299 268 186 184 287 133 198 171 193
799 49 99 273 146 116 120 180 281 110 254 0 6 150 8 244 242 283 257 236 14
800 331 271 677 312 257 681 326 322 747 314 270 298 688 339 267 342 268 689 346 341
802 299 312 307 878 327 300 325 257 271 322 339 326 331 258 311 304 301 269 309 288
807 330 257 327 271 300 345 302 306 267 325 346 268 689 339 747 326 309 304 315 314
808 49 236 241 55 120 116 0 254 173 180 21 6 242 8 244 99 256 221 126 14
809 267 271 304 49 270 306 288 315 244 291 309 258 311 298 314 301 321 302 269 257
810 242 312 309 268 270 258 271 325 537 677 321 331 878 332 327 315 326 244 305 49
811 242 331 322 326 298 257 681 324 258 321 299 332 306 988 329 987 263 330 872 342
812 322 688 677 681 747 242 342 312 682 331 325 299 348 878 257 875 686 689 748 307
813 446 435 182 233 97 451 669 440 562 200 550 636 163 175 4 144 378 183 563 568
815 747 677 322 681 332 321 299 688 341 894 270 327 750 306 878 242 298 689 326 357
816 99 287 741 120 404 281 221 677 272 474 49 249 297 116 590 293 122 275 299 236
817 343 312 271 304 300 302 901 346 325 268 314 339 749 307 326 878 330 681 897 332
818 268 257 300 285 747 901 293 327 346 304 872 271 315 287 323 99 244 49 256 126
819 257 327 681 332 325 331 322 326 299 346 750 271 878 258 677 293 268 267 301 285
821 0 180 49 150 293 472 116 221 108 471 287 256 99 404 257 120 312 747 677 249
823 306 689 987 300 258 257 242 312 327 331 268 325 747 332 326 299 99 309 298 318
826 268 314 325 299 302 339 315 326 311 345 332 304 747 306 681 343 331 341 309 287
831 49 254 299 116 124 300 242 331 99 281 0 6 306 258 312 288 332 287 236 14
836 8 124 286 110 0 254 116 470 99 283 117 13 120 49 404 125 741 284 281 6
840 325 312 681 342 326 878 331 688 298 689 348 346 349 901 894 354 345 257 749 258
841 348 271 346 901 314 341 345 749 315 353 897 894 354 688 689 349 311 304 681 342
844 343 881 307 1061 348 901 904 304 1312 314 315 690 907 1175 1126 1293 1023 897 890 311
848 124 194 293 49 0 404 95 221 99 117 68 21 116 180 70 6 150 55 78 97
854 169 581 58 60 212 512 190 165 854 922 729 461 513 706 174 99 511 136 211 508
855 299 331 271 747 688 300 268 306 326 332 327 681 258 872 342 330 346 293 298 270
856 267 268 285 300 287 288 303 49 269 312 99 689 747 241 677 339 301 332 322 306
857 97 116 123 126 173 120 49 244 11 221 0 13 241 8 242 55 256 236 6 14
858 762 814 1047 410 236 254 287 411 124 844 277 245 1008 281 121 279 1093 273 1046 475
860 581 706 285 305 56 380 715 212 268 99 922 257 318 746 287 708 69 386 97 698
865 268 302 326 339 300 271 312 267 332 285 346 325 936 689 257 291 269 309 261 307
868 24 236 99 254 0 13 124 256 110 747 285 150 8 257 126 116 275 247 281 273
872 269 99 270 49 285 300 126 303 242 287 244 258 301 298 302 267 305 288 271 268
873 18 220 241 99 12 136 97 268 11 49 126 6 257 8 267 236 271 180 55 0
875 126 55 602 513 49 97 99 285 11 174 233 284 196 167 22 173 169 136 184 134
878 99 116 120 49 180 125 24 254 124 244 117 146 234 8 251 110 256 249 224 6
883 285 136 284 13 18 282 49 318 301 212 267 305 302 706 530 339 236 82 6 169
887 99 49 69 284 236 215 126 274 190 275 11 196 254 13 317 110 14 257 63 12
890 110 99 404 117 12 741 273 283 0 275 120 124 125 8 282 274 6 272 147 257
894 24 125 136 99 0 124 110 149 23 120 116 13 123 8 126 117 150 146 6 14
897 244 258 293 268 99 259 126 302 49 288 180 267 300 257 301 270 303 291 271 242
899 99 97 126 6 131 275 49 117 0 233 22 221 426 281 173 150 8 14 236 68
901 120 116 173 7 78 186 0 198 11 97 21 6 190 8 194 55 221 171 126 99
903 236 274 69 110 285 215 257 659 99 87 723 14 1118 581 0 287 715 552 24 49
904 120 117 236 49 126 247 99 272 0 180 24 116 256 8 267 110 275 221 146 14
905 49 128 146 123 12 150 24 284 117 180 236 13 257 8 281 110 285 221 126 0
908 305 268 284 318 302 936 99 257 282 241 212 136 169 18 706 689 49 300 220 312
909 78 10 68 24 12 95 21 117 11 49 0 13 97 8 110 63 120 55 6 14
911 134 132 215 152 97 185 190 68 513 516 602 426 434 133 210 130 356 207 173 195
913 65 706 715 948 1040 791 708 1118 215 659 25 661 69 82 85 628 552 161 738 731
914 300 268 326 331 257 304 301 689 747 302 339 325 346 314 872 681 271 322 311 330
916 0 221 247 99 12 180 117 273 110 120 116 6 150 8 256 124 274 236 234 14
919 343 348 901 298 326 880 325 688 904 689 304 307 341 354 881 271 338 342 894 872
924 293 287 326 321 257 324 97 405 49 759 263 99 325 233 242 327 333 357 6 126
925 99 244 270 236 258 293 49 305 268 300 257 269 271 291 304 126 306 301 298 267
927 99 55 49 180 287 257 126 173 602 293 171 356 184 677 0 587 285 172 88 317
928 95 171 602 55 97 167 179 174 186 194 510 49 479 182 134 178 131 63 152 21
929 23 10 99 49 12 24 70 116 11 21 0 6 55 8 110 78 117 97 68 14
930 293 312 285 256 314 299 747 300 296 247 322 288 271 258 321 303 110 325 310 13
934 150 24 290 0 275 410 110 596 124 279 117 6 545 404 590 116 684 281 273 14
936 18 99 257 115 12 268 136 288 123 126 275 13 282 49 285 220 293 256 250 236
938 596 410 117 741 124 116 404 925 755 0 747 471 322 1046 545 293 1027 931 865 14
940 23 117 120 234 0 24 49 249 149 150 236 124 244 8 247 99 256 221 126 14
