2 681 345 339 312 689 688 894 747 357 291
3 332 312 331 330 322 325 342 321 271 306
8 210 99 513 126 301 193 55 268 97 184
11 55 68 21 172 78 69 99 285 63 11
16 49 120 257 221 256 14 180 126 275 24
18 55 268 49 285 293 167 99 97 299 203
19 70 116 49 14 203 78 27 471 131 124
26 6 116 236 272 221 180 275 257 126 281
28 326 270 327 257 271 332 288 339 322 321
29 299 268 126 747 322 270 271 242 99 0
30 268 603 481 873 22 304 326 656 602 479
31 49 257 120 180 0 236 747 126 299 24
32 331 325 287 299 326 688 330 747 298 321
33 302 307 936 304 299 305 326 872 325 268
34 322 293 287 987 681 872 682 288 298 342
35 331 880 326 325 298 322 682 748 329 307
36 180 120 225 227 567 143 430 251 127 471
38 343 749 689 315 304 301 310 309 311 302
39 326 689 300 301 747 288 331 312 325 287
40 49 171 21 172 196 190 63 134 203 513
44 124 116 404 1027 1046 234 409 273 239 545
45 257 285 268 301 267 300 288 339 269 271
46 299 689 325 304 312 318 271 331 332 327
49 128 92 6 220 149 918 257 292 272 284
50 173 97 55 95 194 88 78 182 21 68
52 116 404 0 221 596 470 124 146 236 126
54 126 221 6 99 95 0 173 194 249 251
60 312 271 325 688 258 681 300 306 314 342
65 256 99 124 249 117 110 275 747 150 545
66 409 762 925 410 1046 596 117 1027 116 455
67 99 14 0 150 293 256 844 221 283 273
70 99 126 257 514 6 268 97 11 136 171
73 285 268 299 0 474 49 288 324 92 13
77 257 110 99 299 49 267 14 285 814 275
79 285 356 63 179 97 317 196 173 190 11
85 302 936 872 304 300 331 307 681 305 689
87 271 343 268 304 346 302 901 681 881 325
92 110 24 273 117 404 236 755 283 125 224
97 207 193 203 196 318 237 285 268 662 185
102 99 0 14 236 285 297 24 173 257 78
104 299 325 327 300 293 346 345 331 330 681
106 325 271 300 327 747 293 306 331 689 269
107 14 285 256 8 116 150 257 110 275 282
110 346 689 749 309 315 311 299 345 344 901
111 689 325 331 343 314 291 310 307 304 269
112 299 301 300 747 13 333 332 275 474 871
113 173 133 134 171 193 510 479 186 184 208
119 99 49 6 221 117 180 110 150 146 249
122 136 190 356 317 602 236 477 169 123 14
123 55 88 175 180 11 182 178 152 81 181
125 300 346 267 268 872 298 258 304 306 302
126 312 269 180 750 677 322 258 271 357 268
128 689 300 305 325 304 307 327 288 343 332
130 12 282 236 115 24 257 110 49 300 302
131 99 513 474 12 13 115 22 237 97 6
132 300 747 301 325 689 269 309 346 270 306
133 49 99 180 221 236 116 126 287 288 244
135 49 284 6 0 301 180 12 257 11 220
136 126 293 251 322 257 677 124 297 175 23
137 477 274 8 22 49 190 126 152 275 196
138 123 220 284 257 474 13 268 8 275 743
139 287 326 299 332 325 327 268 291 306 747
141 342 171 49 312 268 267 257 0 78 116
142 299 331 326 689 747 300 244 288 268 301
145 343 304 348 331 689 681 325 901 302 881
146 343 271 302 314 310 346 311 301 881 307
148 287 331 332 689 681 298 306 291 288 241
149 6 236 257 507 116 110 24 918 8 13
152 97 99 11 95 194 88 175 287 0 116
153 97 99 55 126 602 22 513 233 167 203
154 299 257 321 288 300 332 244 306 258 689
155 22 68 181 510 126 190 482 133 426 512
156 256 247 120 257 236 180 6 123 1015 274
161 409 404 99 272 23 545 55 185 474 256
162 49 173 312 99 68 167 21 172 171 301
164 49 357 0 270 171 267 172 293 131 55
165 677 325 258 332 300 271 331 306 288 244
168 285 288 184 182 293 677 322 312 327 193
169 331 299 242 326 747 681 872 288 330 688
170 271 300 299 306 346 749 325 241 344 311
171 498 480 196 478 503 660 662 516 181 653
172 257 244 332 287 872 306 242 874 307 681
174 97 173 68 78 317 199 96 27 181 21
178 343 312 346 897 348 341 311 688 310 307
181 14 150 275 8 116 24 6 124 317 126
182 565 553 384 49 182 514 160 232 78 402
184 99 190 13 97 0 68 55 63 356 305
190 689 346 343 309 257 345 304 302 326 310
191 285 236 284 13 110 404 287 274 116 320
195 13 167 203 300 296 721 99 87 314 274
198 288 49 256 303 747 299 180 221 287 136
201 49 126 180 99 173 55 196 97 152 193
202 747 14 299 120 124 312 677 110 285 8
203 268 318 305 304 288 293 13 689 49 284
204 287 293 300 244 326 306 322 331 301 258
207 268 691 167 708 285 731 237 658 152 647
208 136 115 269 312 288 123 6 267 12 301
210 49 257 173 514 242 293 479 321 99 288
211 63 173 49 581 169 356 97 99 212 461
217 181 237 97 78 474 91 201 196 301 320
218 305 267 173 271 299 269 27 404 116 301
219 326 301 325 327 306 291 244 312 747 689
224 131 198 68 204 173 317 660 422 495 132
225 99 49 0 180 126 120 221 136 123 514
227 49 257 126 268 299 317 55 68 293 99
228 300 689 304 325 267 309 345 269 901 306
230 236 14 124 116 256 221 110 117 24 99
236 174 479 193 134 510 434 49 483 477 167
237 254 116 236 49 747 14 273 24 249 0
239 681 331 325 688 322 689 341 332 326 257
240 326 325 343 271 348 346 332 330 298 341
241 285 300 287 689 299 257 332 312 288 284
244 0 120 14 224 117 404 124 116 256 110
246 257 99 180 285 312 126 172 236 274 116
251 123 12 136 149 282 284 120 236 220 49
257 299 300 258 325 677 268 681 537 688 306
258 49 55 99 215 257 245 10 172 68 6
259 331 348 872 688 343 326 307 689 341 338
260 299 322 677 327 257 332 331 288 878 688
264 293 0 120 321 275 288 285 8 595 677
265 99 268 257 241 8 288 136 49 300 12
271 317 186 185 181 179 167 191 215 68 63
272 268 343 301 300 311 749 309 881 345 285
277 301 299 271 49 749 269 99 750 339 126
280 299 258 872 747 677 327 682 688 242 326
281 312 271 300 327 325 747 269 681 689 285
282 1046 0 110 513 104 24 239 14 121 1027
283 325 314 326 307 270 311 310 241 291 315
284 49 180 293 285 55 126 747 97 271 339
288 117 596 471 116 545 1027 410 755 1046 283
299 747 677 322 410 116 870 124 257 762 596
301 299 287 325 326 331 677 332 258 285 242
303 257 747 322 677 288 244 300 332 49 14
305 284 125 136 8 236 296 123 14 0 300
308 331 291 873 872 298 326 321 879 329 288
309 0 282 110 150 249 268 296 285 312 12
316 331 681 342 326 688 332 894 257 357 306
318 325 342 271 322 326 348 299 349 689 341
321 55 99 97 656 186 173 123 473 182 275
332 49 193 285 196 215 257 210 55 513 171
334 325 326 301 271 331 300 339 293 681 342
336 117 404 596 116 0 251 545 150 471 236
339 201 68 497 132 167 96 210 131 482 207
340 880 331 679 322 872 348 325 349 688 677
348 6 716 128 545 281 24 116 150 283 0
349 126 55 473 134 179 133 483 510 95 99
350 689 332 330 681 328 307 257 338 271 748
351 173 21 186 22 10 126 209 167 184 187
352 312 287 346 747 301 681 268 306 689 688
354 331 326 307 880 748 872 689 304 1023 298
355 689 268 300 343 304 302 331 326 301 681
357 169 165 133 59 164 171 610 134 174 339
358 221 49 257 256 287 270 596 99 126 299
361 325 326 681 342 306 677 258 270 878 271
363 326 331 325 299 257 327 872 300 298 321
365 378 144 550 451 669 182 443 589 440 566
367 184 199 442 163 257 451 440 799 562 674
368 257 323 269 339 747 268 287 312 342 293
370 55 203 175 167 194 171 88 99 229 95
374 233 52 447 332 225 330 55 54 641 671
375 99 285 49 318 257 474 55 284 136 69
376 49 293 268 173 299 180 301 184 332 339
381 123 191 180 236 287 128 181 184 284 193
383 322 331 681 325 287 330 677 689 306 348
385 249 830 180 256 471 297 146 251 287 741
387 293 49 747 244 321 6 331 285 180 326
389 13 275 241 14 49 126 244 321 284 287
394 293 221 299 116 257 124 68 747 24 404
395 117 747 684 146 322 293 257 826 312 6
399 312 325 332 271 326 301 309 288 681 321
402 404 0 124 236 49 741 14 281 24 272
403 300 325 287 285 314 321 872 750 270 681
407 325 268 681 300 331 332 306 267 689 339
409 271 300 343 749 309 301 325 304 302 901
410 97 173 96 172 68 215 201 120 99 193
411 97 167 68 0 99 88 155 194 49 208
412 99 747 236 126 293 287 116 241 312 120
413 267 285 49 268 312 270 327 288 326 269
414 173 49 97 171 180 178 167 126 356 88
417 271 346 689 315 309 353 681 306 348 897
418 126 482 854 514 479 0 212 97 169 510
419 285 268 257 284 49 241 922 305 339 312
423 299 303 257 180 677 258 312 321 124 327
426 326 242 872 258 333 879 241 321 329 298
427 268 747 681 309 332 327 326 257 287 688
430 257 327 287 325 312 332 300 288 258 331
432 99 287 326 257 288 126 299 327 474 55
433 281 277 741 279 404 0 410 275 1047 844
437 124 110 24 281 116 125 293 273 275 126
438 257 123 8 116 24 285 110 149 14 0
439 268 257 285 269 267 212 288 305 706 342
440 49 257 256 299 180 221 747 99 236 249
442 287 49 299 126 180 99 288 301 258 327
443 314 749 301 269 300 689 310 302 221 878
445 299 288 321 330 332 298 257 307 304 309
447 310 881 307 346 345 271 305 689 1021 311
460 299 285 288 300 267 244 287 99 236 339
461 293 257 306 49 747 244 321 327 242 326
463 49 244 126 99 326 302 322 318 242 241
466 249 128 180 120 507 323 409 1066 301 150
468 173 479 509 169 190 614 527 518 178 478
469 123 13 150 236 272 1007 116 1016 301 740
470 70 431 945 624 180 418 819 62 472 142
472 99 474 220 285 284 92 149 18 257 268
474 268 0 271 180 299 236 55 116 97 293
476 273 65 110 1118 277 715 274 69 124 933
480 193 167 68 55 171 210 293 78 356 126
481 257 299 293 285 322 312 258 269 267 325
482 514 226 227 257 190 407 124 750 171 136
484 299 301 257 689 326 332 271 309 331 304
489 249 120 221 275 247 128 12 13 108 24
490 136 275 268 301 320 13 8 220 49 241
491 179 22 512 169 356 190 581 193 426 97
493 126 275 124 257 274 299 317 171 470 68
501 322 688 747 681 265 537 327 687 325 900
506 257 293 300 341 271 345 180 325 306 346
508 293 312 747 285 327 322 677 332 268 258
509 331 747 326 325 327 306 681 987 687 988
510 331 326 325 322 342 688 880 677 349 747
511 97 21 11 68 173 287 126 99 180 78
512 120 6 0 596 287 257 99 256 173 95
514 271 332 897 300 750 688 325 330 244 331
515 173 126 55 11 172 257 99 63 21 95
516 120 273 256 312 293 254 116 124 285 747
518 880 342 681 357 341 688 875 748 345 872
519 257 236 0 49 256 120 312 110 116 14
521 473 186 173 97 181 55 182 185 194 63
524 116 49 281 741 6 257 293 180 545 273
527 171 204 194 215 190 519 97 264 482 312
528 299 288 747 332 689 267 298 258 300 306
529 68 293 196 78 317 215 236 193 288 27
530 312 325 688 878 681 257 271 327 306 300
538 513 13 136 581 99 215 487 190 320 654
539 236 287 116 120 275 150 24 281 747 247
543 299 747 332 306 271 326 300 689 268 681
545 759 332 217 301 306 116 447 677 218 405
546 268 271 299 287 304 689 749 309 306 345
548 116 14 404 124 221 256 110 24 6 150
549 256 677 257 242 14 116 249 285 288 750
554 99 0 267 221 150 293 474 275 126 312
555 179 356 481 285 513 190 173 49 99 97
556 257 323 285 301 1006 180 332 879 249 247
557 284 220 12 136 739 8 9 128 276 223
562 87 93 293 120 404 110 392 65 721 201
563 257 306 249 750 897 251 747 404 309 314
564 581 528 922 60 59 58 19 44 1120 1020
569 299 268 293 267 312 327 269 271 326 306
570 478 191 513 133 317 510 426 131 481 134
571 284 99 285 268 136 274 257 474 115 300
572 99 482 198 97 180 133 22 186 63 317
573 285 304 300 312 749 267 305 311 306 310
574 99 173 55 68 63 285 317 21 0 8
575 99 110 287 285 0 257 24 120 288 299
577 270 747 299 327 269 267 312 357 341 878
579 287 116 117 677 236 256 471 741 312 23
580 123 13 136 115 12 128 18 92 149 285
581 116 99 23 0 146 117 925 239 293 108
582 55 173 97 99 49 178 126 179 167 473
583 180 49 256 249 379 0 227 404 88 120
588 331 327 747 325 268 689 244 682 342 269
589 136 123 282 812 120 24 110 6 18 0
593 99 126 8 257 274 288 136 299 0 275
595 99 285 236 332 244 6 49 116 747 327
596 256 257 747 120 116 221 254 242 258 236
597 343 314 271 901 341 345 354 681 315 688
598 293 1047 124 1093 741 818 14 876 331 1046
601 257 299 242 287 322 221 285 288 99 244
602 49 88 81 0 226 143 257 227 55 97
603 97 446 435 671 218 674 22 451 178 155
606 513 514 285 99 49 13 169 282 193 126
608 747 312 322 299 677 256 49 269 268 285
610 301 326 304 681 271 257 331 325 749 315
611 49 180 124 150 242 293 677 322 221 256
612 285 173 99 180 198 21 68 190 8 196
613 124 110 117 236 14 281 120 283 150 6
615 331 689 306 681 326 300 309 301 750 293
622 99 236 97 196 273 55 24 0 256 117
625 299 677 326 258 325 269 342 321 270 259
627 285 268 288 300 312 267 321 244 327 306
630 301 299 268 325 326 689 257 343 346 314
632 95 54 173 683 99 202 172 194 272 273
634 99 257 287 49 285 288 244 126 8 267
635 13 49 150 236 12 24 14 6 180 256
640 481 478 174 479 602 268 473 356 134 169
643 677 244 285 287 221 686 117 294 983 124
645 271 341 343 749 688 322 897 268 747 300
646 180 49 173 251 545 214 142 131 81 209
648 256 404 251 117 221 236 110 596 124 247
650 268 318 257 300 301 302 288 299 689 287
651 49 257 180 288 236 242 120 221 677 0
655 304 312 689 314 901 339 311 299 331 681
656 99 6 49 116 257 287 120 123 236 149
661 13 220 99 123 136 18 296 743 8 474
666 196 513 285 55 63 181 21 320 11 99
667 312 301 300 750 314 269 749 180 747 221
669 434 135 171 426 68 203 473 142 433 215
671 99 236 13 110 0 12 8 125 120 124
672 301 312 689 49 339 99 309 126 269 288
673 236 180 257 747 110 471 249 273 99 258
674 268 296 1021 164 271 291 301 165 901 314
676 257 99 116 49 293 8 180 14 120 258
677 120 8 124 99 273 150 117 125 116 221
678 172 97 78 171 317 21 99 86 422 178
679 49 0 180 126 256 123 6 236 274 282
680 312 343 271 268 307 299 314 881 300 325
684 261 287 267 331 332 291 302 681 325 304
686 257 293 327 322 325 258 331 326 288 300
687 688 872 322 341 880 349 326 307 907 687
688 116 180 0 99 236 287 257 741 293 545
690 173 99 199 233 182 131 513 422 134 171
691 49 1027 110 254 236 300 475 318 268 257
694 301 268 326 343 689 302 271 331 339 325
695 268 285 271 302 689 749 299 257 344 897
699 0 68 97 55 21 99 63 116 171 7
700 268 285 300 257 301 293 309 241 305 244
701 270 750 677 357 322 688 341 269 889 679
702 99 14 120 124 110 150 741 126 281 404
705 236 116 120 221 275 14 281 124 146 299
712 271 345 750 689 304 332 302 300 299 311
713 256 124 117 24 221 741 99 545 146 410
717 596 116 124 281 146 747 287 236 290 471
718 14 470 110 124 116 0 99 275 97 273
719 304 302 343 881 689 310 271 339 300 749
721 120 116 0 49 14 24 8 124 275 287
722 49 99 180 126 6 285 55 97 116 78
724 49 0 6 236 126 288 221 120 116 293
725 596 404 1015 747 826 410 925 254 249 251
727 110 285 8 257 275 0 299 293 287 124
728 322 342 681 325 341 314 894 331 677 257
729 287 293 267 285 332 120 110 254 288 244
731 302 326 291 879 325 298 305 873 300 307
733 49 180 68 0 482 7 215 198 70 132
734 287 13 301 236 49 126 299 12 300 120
735 297 249 1006 296 251 248 294 257 1257 1141
736 55 167 49 97 173 99 180 171 237 178
738 173 97 312 287 650 49 749 182 299 209
739 257 300 244 312 302 258 271 689 291 305
741 120 126 150 8 123 24 256 275 13 149
742 285 257 49 126 241 13 256 8 244 236
743 99 55 97 287 285 123 180 257 6 181
744 126 49 198 8 194 510 21 522 175 120
745 194 227 173 21 384 209 120 175 228 404
749 325 257 258 322 331 326 288 677 242 689
751 268 314 749 267 302 332 327 681 311 348
752 126 97 55 99 196 299 660 186 63 182
753 124 273 470 290 110 120 125 716 814 590
754 325 331 257 322 327 298 300 332 681 285
758 236 293 14 49 124 110 288 285 254 99
759 293 173 545 209 583 814 142 422 121 152
760 747 124 322 404 263 120 116 321 275 259
761 268 285 13 257 274 267 241 250 282 254
764 99 115 282 18 12 123 0 256 6 8
766 49 210 479 126 285 434 173 193 134 513
767 236 273 254 257 14 282 124 300 293 99
768 116 596 256 1046 24 273 117 741 124 0
769 99 293 285 267 126 236 275 116 256 322
770 49 69 285 299 258 172 13 99 268 282
771 257 300 293 332 327 747 689 285 268 271
774 312 346 314 304 300 325 345 315 901 302
776 49 180 97 11 63 68 317 173 27 6
777 68 49 402 317 63 167 214 178 422 11
778 49 0 120 116 99 150 404 117 236 124
779 49 184 434 173 233 215 196 203 193 190
780 55 49 97 21 11 356 171 68 293 78
782 326 681 331 325 298 312 349 688 747 348
783 299 689 300 287 301 747 331 326 346 293
784 49 97 173 55 99 180 171 126 152 78
786 312 343 271 331 302 881 681 300 322 314
788 99 6 123 149 275 236 12 120 245 116
790 99 257 126 293 236 6 0 116 120 14
791 283 404 117 116 409 124 234 272 741 24
792 116 474 245 6 409 92 272 122 741 99
793 99 150 136 221 6 123 256 13 12 115
796 257 258 293 287 242 244 288 677 322 236
798 126 99 293 299 268 55 184 287 180 602
799 99 49 0 116 14 236 120 180 257 8
800 312 681 271 257 747 331 342 322 326 270
801 287 97 321 435 636 218 163 199 242 182
802 299 300 257 325 258 327 288 269 878 301
807 268 271 300 339 257 326 267 325 306 346
808 49 99 299 126 180 293 236 0 116 244
809 257 271 301 306 327 689 302 747 244 288
810 312 268 258 327 325 271 244 321 309 677
811 331 326 322 321 242 299 258 298 332 681
812 322 242 747 682 299 677 312 342 688 878
813 446 435 97 233 451 636 182 440 144 669
815 322 747 299 677 688 681 332 327 326 270
816 287 116 99 120 272 49 293 180 236 221
817 271 343 268 312 749 314 302 346 901 300
818 268 300 257 285 271 293 346 287 901 304
819 299 257 327 293 271 325 268 322 332 677
820 49 236 124 68 150 8 470 142 70 110
821 180 0 150 221 49 256 312 108 116 120
823 299 257 325 258 326 331 327 242 332 747
826 268 314 299 309 287 332 306 325 339 345
828 49 474 706 256 180 581 136 245 247 19
830 312 293 285 750 677 270 301 507 342 259
831 287 299 288 242 236 677 49 747 258 331
833 236 285 256 267 299 120 0 110 180 275
835 131 186 318 184 339 356 481 513 97 22
836 110 99 124 0 120 8 13 125 49 283
837 49 0 116 120 257 173 221 171 256 126
838 287 99 292 293 257 123 281 272 247 283
840 312 681 325 331 342 688 349 326 878 894
841 346 271 314 749 901 353 345 348 349 341
843 0 171 221 173 312 126 172 270 750 82
844 343 1061 881 897 307 304 314 1023 901 346
848 180 49 116 95 0 6 404 194 117 97
849 49 0 193 434 78 152 587 194 142 215
851 471 0 116 120 221 124 454 23 303 257
852 321 306 332 681 242 259 342 288 324 987
854 212 169 581 854 211 165 58 508 461 60
855 299 331 747 327 326 293 300 271 287 681
856 285 287 268 312 300 288 301 269 99 689
857 49 257 126 299 6 8 293 236 287 244
858 814 277 762 254 1047 236 410 1008 844 121
859 268 301 339 314 215 65 87 257 738 749
860 581 285 706 212 318 380 56 69 305 922
864 287 150 0 819 407 99 221 257 180 49
865 268 302 285 300 689 267 339 257 271 326
866 171 126 68 172 179 55 186 264 356 88
868 236 24 256 110 254 99 124 13 8 285
871 124 244 299 281 116 545 312 293 688 14
872 285 268 300 288 301 312 287 244 302 747
873 99 285 257 268 49 126 136 8 241 301
874 55 88 602 133 78 356 196 287 203 181
875 99 513 97 126 55 285 49 22 196 184
876 212 288 211 87 49 301 85 777 706 738
878 120 116 117 124 49 256 99 110 180 404
883 285 13 212 305 136 318 284 282 706 169
884 422 203 215 201 65 392 98 7 583 93
887 236 99 13 254 110 49 284 274 275 14
890 8 99 120 275 274 273 110 0 124 283
892 762 287 120 49 6 221 180 870 368 747
894 99 120 0 6 116 8 14 24 150 236
897 257 268 293 288 300 49 267 301 312 258
899 99 6 275 14 97 49 236 126 0 8
900 0 49 221 117 120 224 126 116 81 150
901 126 99 285 173 256 116 97 78 0 55
902 11 409 237 49 126 627 272 120 281 31
903 236 274 110 69 723 257 14 1118 285 552
904 99 287 116 236 49 120 0 8 275 285
905 8 123 236 285 0 49 126 12 257 13
906 110 236 275 274 287 741 14 470 0 277
907 99 237 602 6 233 49 317 22 173 0
908 305 268 241 318 302 257 99 936 212 300
909 49 180 126 0 6 120 8 275 257 285
910 431 418 131 172 132 0 49 417 180 171
911 513 152 215 97 356 210 207 185 68 190
913 65 1040 552 948 69 715 738 706 85 215
914 268 300 325 271 689 331 257 301 326 314
916 0 120 99 236 150 14 110 256 116 221
917 708 706 356 196 461 482 51 85 284 190
919 348 343 688 325 326 354 341 298 904 271
920 70 404 116 49 587 110 27 741 236 120
921 120 404 180 422 167 0 203 392 117 69
922 146 120 281 596 6 741 293 404 49 117
923 180 49 99 78 274 479 8 96 209 13
924 287 293 324 326 257 321 327 263 323 99
925 257 268 301 300 293 312 244 271 267 327
926 120 0 180 49 121 108 24 93 150 226
927 49 180 287 293 257 173 171 99 55 677
928 55 171 97 49 182 167 134 175 186 174
929 0 49 99 116 180 6 14 236 8 110
930 285 299 312 300 314 256 293 747 271 288
934 117 124 14 116 404 281 545 110 0 24
935 245 256 287 99 257 149 247 6 116 918
936 285 13 99 268 136 257 126 49 115 123
937 287 117 293 741 236 120 116 410 596 0
938 865 1046 931 747 755 1027 124 925 117 322
939 312 21 322 257 268 356 49 325 689 317
940 49 256 0 120 221 99 236 150 249 126
941 131 173 750 356 317 587 180 198 293 0
942 402 120 78 6 232 117 272 160 549 281
