3 332 54 677 297 267 338 679 1038 300 308
8 99 504 503 215 627 461 55 922 184 126
16 123 275 14 120 327 281 24 747 221 292
18 293 339 55 285 268 215 97 474 185 167
26 126 236 275 180 618 457 272 122 249 822
32 287 299 331 298 325 688 267 349 357 353
33 326 306 321 322 677 1024 257 267 686 301
34 322 293 329 686 287 244 338 987 262 298
35 677 327 876 753 300 291 326 269 537 339
38 749 330 287 304 315 327 339 285 309 343
45 285 257 258 108 474 236 8 241 123 268
46 318 299 327 244 241 747 293 261 332 331
49 457 120 128 220 92 1128 292 299 288 284
50 194 21 55 95 78 1038 482 155 658 422
54 126 221 249 23 209 99 194 95 251 0
60 312 686 878 285 325 306 688 321 682 681
77 126 318 258 410 1013 285 110 244 14 339
85 267 747 305 300 537 332 339 263 244 304
87 268 271 288 891 346 901 291 303 332 302
92 117 8 49 404 24 20 409 283 110 273
97 207 661 203 748 791 196 521 136 429 356
104 345 327 749 299 293 750 357 344 324 330
106 293 747 327 878 323 244 306 300 331 325
110 299 244 689 346 315 287 344 749 267 305
119 117 275 470 99 49 299 221 684 596 254
123 175 152 131 55 567 88 178 187 180 545
126 312 269 108 889 268 327 180 878 332 537
131 12 514 99 0 22 180 6 203 434 513
132 322 747 270 677 346 302 537 301 878 689
133 271 309 287 321 244 303 332 116 288 306
138 474 257 123 470 293 292 305 148 244 304
139 287 299 327 332 298 326 320 261 302 339
142 331 689 747 288 244 269 677 353 894 300
145 747 320 331 287 304 315 749 338 285 303
146 271 306 305 299 241 314 899 309 346 310
152 182 209 285 191 95 11 10 88 299 317
154 257 321 677 689 686 298 339 258 244 263
162 312 301 327 332 293 302 203 353 173 68
165 682 271 258 689 677 748 303 288 749 681
169 242 747 331 299 259 320 871 1024 878 879
201 49 180 602 293 21 495 479 152 237 274
204 322 878 244 293 271 287 291 872 258 748
211 192 49 461 57 356 581 309 134 169 21
219 326 323 327 241 301 244 306 333 269 270
224 656 422 131 321 198 317 478 495 606 176
227 267 356 10 299 55 209 11 126 245 332
230 14 236 256 124 117 283 285 300 684 750
239 337 331 257 263 344 314 310 285 332 891
240 330 337 270 332 878 326 339 303 268 333
241 306 123 470 332 99 689 250 300 886 273
244 108 242 117 0 224 408 110 747 120 925
246 312 257 747 267 404 274 180 99 8 249
251 282 12 272 9 149 14 675 287 245 136
257 299 325 321 681 244 537 268 677 315 346
259 327 872 330 322 357 680 259 339 303 331
260 299 322 677 318 327 326 257 894 291 332
265 115 288 99 300 257 301 8 302 268 339
272 268 257 285 345 301 305 300 343 353 244
277 299 332 301 271 49 306 689 339 180 327
280 299 872 327 312 748 747 750 301 677 328
281 300 327 323 285 263 345 747 302 288 753
288 283 825 49 180 596 819 865 110 116 117
299 747 987 332 322 124 244 878 257 239 6
301 325 299 263 242 331 259 258 677 326 342
303 747 322 677 257 595 244 987 14 750 273
308 304 321 328 301 288 677 307 298 331 873
309 0 249 285 282 251 312 992 404 20 689
316 257 332 342 357 331 688 323 750 339 326
318 894 270 309 287 327 244 299 326 329 747
334 293 285 330 325 339 357 878 271 345 326
340 331 877 679 880 260 306 345 303 262 263
352 312 747 287 306 346 301 268 293 322 688
354 304 267 257 302 293 300 989 269 878 1175
355 322 300 749 303 689 677 343 268 331 750
361 878 270 325 681 306 339 677 298 300 326
363 326 323 242 885 258 322 257 245 327 321
368 257 679 248 265 268 747 172 301 153 346
383 267 322 257 287 321 872 689 749 682 314
385 830 471 840 249 180 251 14 146 747 283
399 312 244 321 270 301 309 242 325 314 339
407 267 288 345 681 303 322 244 306 332 344
409 271 309 750 321 344 331 878 343 244 332
413 312 285 267 268 270 357 326 327 318 332
414 285 204 178 299 49 167 244 97 180 171
417 306 271 346 293 353 688 339 309 325 681
430 327 309 287 270 258 677 242 872 300 257
440 299 124 146 747 99 221 117 180 49 150
442 287 323 325 309 327 244 324 126 258 271
443 689 314 236 0 315 126 221 753 1021 301
460 285 287 345 314 339 299 244 180 321 300
470 180 70 945 472 431 418 1218 203 495 819
474 271 268 293 339 299 275 274 236 256 507
481 257 299 285 346 322 260 271 301 248 318
484 257 301 299 271 314 304 326 331 339 332
508 268 327 339 747 332 269 242 688 285 312
510 257 877 349 322 303 267 331 677 306 300
511 21 287 750 97 590 749 180 293 650 181
512 596 120 256 677 929 750 257 23 0 182
515 514 510 126 747 215 293 95 269 516 380
519 312 332 321 117 257 304 537 8 287 755
530 312 306 343 293 688 268 753 327 300 878
543 321 747 306 299 301 878 268 269 677 332
546 268 271 299 287 345 872 244 306 304 267
548 404 1027 234 14 596 595 150 221 322 285
557 284 220 302 8 12 275 474 320 514 276
562 110 392 126 825 410 120 121 870 221 404
569 327 299 267 268 293 332 321 326 318 305
570 478 171 426 481 513 805 1148 174 581 49
571 300 257 282 743 0 274 14 150 125 812
574 257 27 173 434 55 285 99 68 299 133
577 747 259 267 270 341 285 327 236 325 256
580 9 120 13 285 123 241 115 12 407 128
582 123 332 517 918 339 97 173 581 468 962
583 379 180 227 49 88 173 172 317 404 194
593 274 8 514 99 126 293 257 288 526 513
595 285 507 0 325 49 8 324 99 221 320
597 314 331 681 345 343 271 750 293 354 983
601 221 299 322 99 150 287 404 257 117 595
603 97 670 451 218 671 435 446 563 49 175
608 332 312 260 747 300 844 357 472 679 49
611 677 254 180 150 221 1196 514 147 120 277
612 173 285 236 156 143 14 514 68 180 301
625 259 269 679 321 324 689 299 326 677 342
627 267 681 305 285 300 306 268 1021 55 309
630 301 750 268 344 287 749 315 339 267 299
634 325 287 331 301 321 267 288 677 285 244
635 236 180 150 49 750 13 299 287 12 514
645 322 747 338 872 271 537 349 897 894 877
648 256 251 404 684 254 247 221 117 110 677
650 257 320 318 299 304 689 302 287 303 268
651 180 327 404 303 312 221 288 747 242 257
655 327 299 312 306 904 261 267 878 330 322
656 99 6 309 49 306 12 312 116 120 286
661 241 13 220 126 136 627 8 740 236 846
671 117 865 472 897 12 1011 0 286 256 150
672 301 312 689 311 306 318 309 332 747 321
674 291 271 268 284 332 1295 299 164 897 296
677 8 99 470 150 117 124 283 257 285 116
680 322 312 321 750 270 677 686 747 267 346
684 288 345 267 320 261 287 321 302 244 331
686 257 270 331 342 322 300 321 268 327 872
687 257 293 322 679 309 894 687 300 312 298
690 614 215 172 287 180 422 190 199 681 442
694 326 268 302 339 330 689 257 357 305 750
695 271 268 689 327 99 299 538 302 479 257
699 194 171 203 175 208 68 10 190 257 256
700 285 301 300 257 268 346 750 251 116 293
701 270 449 689 321 681 285 180 677 49 314
705 146 236 275 116 285 312 590 14 545 122
719 304 345 339 689 302 886 271 288 899 306
721 8 0 14 293 716 741 24 327 124 116
722 407 317 303 180 208 356 293 285 301 115
724 287 293 241 318 236 747 49 288 677 0
725 251 249 268 933 755 404 762 747 1022 865
727 110 8 285 275 257 126 299 470 0 332
728 322 314 257 270 242 749 328 342 537 315
731 327 878 326 873 257 310 677 293 241 332
735 251 249 297 294 248 326 293 296 270 274
736 180 208 49 167 178 173 209 654 213 356
739 257 300 322 689 326 244 872 878 320 332
741 256 150 126 120 149 404 8 24 123 741
742 285 241 257 318 244 749 49 327 747 846
743 99 123 181 184 271 345 24 6 257 284
753 274 470 299 110 99 124 814 326 280 6
758 322 596 281 249 110 14 282 863 117 244
761 13 19 149 267 249 285 345 202 274 241
764 514 115 99 275 180 18 513 318 281 88
768 6 475 1015 1046 596 12 224 117 150 244
771 293 257 747 285 338 332 268 244 327 291
774 312 346 753 270 339 302 688 304 287 332
776 195 49 513 522 293 221 196 136 275 844
778 150 475 49 747 120 117 116 755 293 0
782 269 312 267 339 878 301 326 298 357 681
783 747 689 343 244 299 331 330 315 338 267
784 143 237 602 171 97 209 473 507 257 677
788 236 12 99 275 256 250 6 150 149 470
790 293 747 257 301 331 322 306 99 236 339
793 514 221 99 595 136 300 92 150 482 256
796 257 287 326 318 321 300 309 322 258 244
798 180 293 171 750 287 320 506 323 922 299
799 116 99 49 251 257 285 404 297 454 287
800 312 257 322 244 331 677 681 337 326 330
802 878 299 304 257 327 326 307 301 269 318
807 257 267 306 326 288 268 327 300 689 894
808 244 299 750 287 322 293 268 332 321 325
809 257 891 306 322 747 327 301 321 258 305
810 312 749 750 677 244 327 242 320 321 268
811 322 332 321 326 318 242 257 263 323 299
812 265 342 242 303 312 260 872 750 689 892
813 233 97 446 451 435 216 859 568 144 566
815 322 897 894 677 332 747 324 338 349 351
816 287 324 120 684 116 49 180 404 272 830
817 312 878 271 268 688 747 749 309 339 261
818 268 254 300 55 947 878 275 244 346 241
819 299 339 271 257 750 327 268 872 332 293
821 312 870 150 99 750 507 188 1034 677 267
823 257 323 332 258 325 327 244 326 987 318
826 299 345 285 287 332 311 306 353 302 293
831 288 236 747 677 331 287 332 242 299 294
836 110 0 115 99 712 268 120 814 1013 49
840 312 325 750 337 327 300 309 259 354 749
841 270 749 337 271 342 309 689 897 688 339
844 304 343 270 1061 886 361 341 344 1175 1429
848 288 180 10 70 116 49 275 95 280 923
854 274 169 165 581 381 18 510 51 7 854
855 747 299 271 293 285 338 327 270 330 891
856 285 287 342 0 221 322 269 323 252 325
857 301 49 299 293 312 332 287 126 257 337
858 287 236 254 277 814 273 125 844 245 121
860 285 318 706 56 581 286 96 461 190 164
865 300 302 268 285 303 310 257 689 330 878
868 236 150 224 285 475 0 24 299 863 306
872 312 285 287 300 303 306 689 271 332 322
873 257 285 267 301 318 49 18 269 126 507
875 126 99 317 215 49 287 184 207 190 474
878 49 741 120 124 180 595 322 293 283 116
883 110 528 530 13 236 212 708 285 284 82
887 236 434 126 581 203 442 215 293 210 193
890 99 275 741 273 274 283 105 117 243 110
894 120 126 475 23 0 221 256 299 545 14
897 257 267 339 288 312 689 326 327 270 300
899 126 213 684 236 68 503 927 193 495 275
901 285 256 327 173 97 78 95 270 241 190
903 120 97 552 274 698 69 257 920 1040 271
904 287 99 236 116 747 285 306 331 300 330
905 8 123 287 150 285 276 743 1010 257 292
908 257 305 223 282 293 872 936 312 318 321
909 275 404 297 49 0 312 126 120 300 180
911 152 97 208 190 483 513 366 356 480 605
913 698 659 581 65 579 161 273 85 736 715
914 257 325 747 300 331 339 330 681 322 268
916 507 236 0 180 126 256 248 99 14 247
919 688 306 878 326 747 332 689 321 311 270
924 321 327 293 287 871 326 872 257 877 1024
925 257 312 301 327 322 300 293 872 271 332
927 968 175 677 55 473 10 293 199 886 287
928 750 495 175 185 11 174 202 479 186 55
929 180 299 865 8 272 741 257 99 49 332
930 256 285 110 897 293 322 314 305 312 297
934 281 49 24 684 117 14 254 12 290 865
936 285 301 268 99 302 13 12 812 250 276
938 20 1027 844 327 249 293 124 119 299 753
940 49 0 221 249 327 684 256 332 244 303
