2 312 747 285 300 268 689 288 681 309 677
3 312 332 747 285 268 301 300 689 325 271
8 268 257 301 318 302 299 312 288 300 305
11 68 69 172 422 209 55 180 63 21 78
16 49 275 257 126 274 13 287 123 180 268
18 285 268 99 300 299 288 301 293 49 274
19 49 116 221 14 236 124 70 24 203 470
26 6 116 275 0 180 236 221 272 126 404
28 257 312 287 332 327 326 300 689 271 270
29 299 287 327 747 332 268 244 322 325 321
30 268 285 241 326 312 304 257 689 332 300
31 49 0 236 120 180 14 257 24 126 124
32 299 747 287 325 331 689 326 300 258 321
33 299 332 312 257 327 747 325 287 300 306
34 287 312 322 293 244 306 288 681 309 300
35 312 257 299 327 326 689 325 300 301 331
36 180 120 183 232 225 1015 471 143 228 226
38 285 327 689 301 287 288 326 339 267 244
39 312 300 301 689 326 287 288 747 306 318
40 513 482 602 190 49 171 172 196 478 203
44 124 116 404 470 1027 273 221 1046 545 863
45 257 300 268 285 288 271 301 314 325 309
46 299 312 318 241 332 689 327 293 747 271
49 6 128 92 149 12 292 918 13 120 272
50 173 97 182 55 175 194 95 184 203 88
52 116 0 236 124 221 404 741 596 14 470
54 0 221 545 6 741 236 150 99 124 471
60 312 287 325 244 300 306 258 288 321 285
65 99 221 275 124 117 256 24 110 8 150
66 117 116 596 14 236 741 410 762 925 1046
67 0 14 99 221 150 273 256 283 475 293
70 99 257 126 268 317 0 274 293 299 97
73 285 268 49 299 288 318 241 126 474 747
77 257 299 285 747 327 312 244 332 14 318
79 285 257 317 301 190 173 312 318 602 126
85 332 300 747 301 312 689 306 291 325 293
87 268 332 257 327 326 302 271 288 304 339
92 236 24 110 117 116 49 470 741 273 404
97 285 268 274 49 482 196 190 193 317 99
102 0 236 99 14 257 150 6 124 24 287
104 299 327 293 300 288 325 321 244 322 309
106 293 327 300 288 747 689 271 244 306 318
107 275 8 474 116 14 150 24 110 507 256
110 689 299 318 267 288 326 305 346 749 287
111 689 287 325 314 339 267 331 318 269 270
112 299 332 747 301 268 474 300 275 312 306
113 173 513 193 434 479 171 478 602 134 483
119 49 180 293 287 221 117 99 6 299 747
122 268 317 257 136 190 282 123 115 236 356
123 55 99 180 126 182 175 11 88 233 184
125 747 306 300 268 309 258 330 342 270 285
126 312 327 180 322 750 677 258 244 878 209
128 300 689 332 327 339 318 288 304 305 346
130 115 12 282 236 474 318 223 739 257 49
131 99 474 275 13 12 115 128 6 8 220
132 332 300 287 689 747 301 288 326 306 325
133 287 49 288 180 244 236 321 332 99 221
135 284 318 49 241 257 12 267 301 220 320
136 293 287 257 124 677 322 741 126 244 470
137 49 173 478 126 190 479 180 477 426 274
138 268 257 318 300 332 304 339 326 689 305
139 287 299 332 312 327 747 268 326 325 306
141 257 49 285 299 99 312 268 126 55 301
142 299 747 268 300 689 288 244 326 301 309
145 332 689 285 287 267 304 747 302 749 325
146 302 285 301 305 241 271 310 346 299 326
148 332 689 287 288 306 747 314 346 293 749
149 236 110 257 293 24 14 285 274 6 741
152 312 285 299 268 287 327 332 301 271 747
153 99 268 126 97 293 55 180 299 602 267
154 257 299 332 312 268 300 288 301 689 267
155 97 173 55 99 49 602 126 473 482 478
156 236 120 14 8 6 180 474 12 256 221
161 99 474 272 126 404 275 545 117 55 23
162 312 293 327 301 288 267 332 314 339 689
164 49 293 299 99 97 285 312 55 0 747
165 332 325 244 258 677 288 306 300 689 309
168 312 285 293 327 268 332 322 321 288 271
169 299 747 312 306 288 331 300 309 689 285
170 300 299 318 332 271 241 327 288 346 749
171 478 473 512 653 190 193 356 169 491 479
172 257 332 312 287 747 306 244 339 309 271
174 173 97 180 203 356 317 190 193 167 172
178 312 327 326 747 325 331 322 346 244 293
181 14 275 126 274 150 6 8 24 116 12
182 549 402 232 160 384 194 565 230 553 678
184 99 13 282 136 123 12 0 241 318 18
190 257 332 689 326 267 302 288 346 304 318
191 236 13 12 274 284 8 474 123 14 282
195 274 13 282 236 318 136 99 275 8 14
198 287 299 747 288 49 300 332 318 236 301
201 97 173 602 478 513 49 482 99 126 473
202 299 747 312 327 244 677 285 332 120 321
203 268 318 312 288 689 305 271 332 327 304
204 287 293 322 244 300 306 689 326 331 301
207 691 948 735 731 450 659 190 392 68 214
208 301 302 689 318 299 312 267 339 304 288
210 257 293 49 312 322 747 321 327 287 173
211 169 513 602 512 478 212 922 482 44 301
217 97 173 473 178 184 233 237 186 181 88
218 285 301 300 339 318 312 271 267 305 689
219 312 301 327 326 747 689 306 325 244 271
224 173 482 660 198 204 434 495 356 483 132
225 99 49 126 180 0 275 474 221 116 120
227 268 257 299 300 301 332 327 288 339 302
228 300 689 332 326 304 267 288 318 306 305
230 236 14 124 116 117 24 221 110 741 99
236 479 483 193 653 510 317 656 477 134 495
237 14 236 0 116 741 596 24 221 1027 1046
239 257 327 332 293 325 689 322 285 326 309
240 257 332 327 747 326 300 325 268 285 244
241 285 268 300 257 288 318 299 241 689 320
244 14 0 120 124 117 236 116 24 224 404
246 285 274 13 236 257 99 282 284 318 288
251 123 236 12 284 49 507 149 92 120 292
257 299 325 244 300 258 306 321 268 677 326
258 49 99 6 55 0 221 257 126 78 173
259 327 689 326 306 300 331 322 301 330 309
260 299 257 327 312 332 322 677 306 331 309
264 120 0 24 221 293 275 404 596 475 273
265 268 257 288 99 299 241 300 301 293 49
271 184 602 175 186 99 88 317 179 181 478
272 268 285 301 300 305 257 241 299 267 288
277 301 299 332 326 271 327 339 689 267 270
280 299 312 327 747 285 306 244 268 258 326
281 312 327 747 300 285 325 244 689 288 322
282 0 120 236 14 110 24 117 404 180 116
283 326 287 241 314 310 293 325 320 244 315
284 49 180 126 285 293 97 0 173 55 6
288 116 117 236 180 596 49 545 256 24 471
299 747 322 332 325 257 677 312 244 306 331
301 299 312 332 287 325 677 258 331 689 326
303 257 747 288 244 332 322 300 325 689 268
305 236 14 275 284 8 0 254 125 739 120
308 312 327 268 747 287 300 288 293 306 301
309 285 236 299 268 14 8 288 284 275 318
316 257 332 293 306 326 331 681 342 258 357
318 257 299 327 287 747 326 293 325 689 322
321 99 285 97 55 173 474 123 180 186 473
332 285 257 312 288 49 327 271 300 287 180
334 293 300 326 325 285 689 301 288 331 271
336 0 116 293 257 404 236 117 299 173 209
339 68 495 96 209 193 190 131 392 418 132
340 332 257 747 299 327 325 312 322 306 331
348 6 0 116 49 12 24 741 150 110 221
349 99 126 55 602 473 356 317 513 483 233
350 332 257 689 268 301 293 271 330 681 258
351 184 173 183 10 52 199 186 217 187 200
352 312 287 747 268 293 689 301 306 288 322
354 332 325 326 312 257 689 747 300 330 331
355 300 689 268 288 326 301 287 244 322 339
357 169 512 922 513 970 305 1193 59 655 29
358 287 257 293 49 299 99 332 677 327 221
361 325 306 300 326 689 285 288 268 309 681
363 257 299 312 327 332 747 300 244 322 325
365 443 440 378 669 566 673 451 144 4 182
367 184 199 443 440 674 673 442 451 412 562
368 257 299 312 287 332 327 285 747 268 293
370 55 171 175 194 95 88 203 167 186 172
374 671 52 183 218 55 447 97 435 16 378
375 99 49 285 126 275 284 474 123 136 8
376 293 299 327 49 332 285 180 301 173 326
381 123 128 918 272 284 12 92 9 220 292
383 257 287 293 322 325 244 306 300 321 258
385 180 0 287 256 293 741 99 124 236 257
387 293 747 285 244 321 326 288 357 331 49
389 268 300 241 13 320 267 293 284 287 312
394 221 116 293 117 404 68 124 203 24 70
395 293 257 747 322 117 180 49 256 325 312
399 312 332 288 301 244 325 321 326 309 267
402 236 0 49 14 124 741 404 24 281 293
403 287 325 300 285 321 314 750 270 681 346
407 332 300 268 689 325 306 288 244 322 321
409 332 300 301 287 271 326 293 306 325 244
410 173 97 172 203 422 78 190 68 175 182
411 49 97 257 180 126 99 293 285 312 175
412 287 293 312 99 747 267 318 320 241 339
413 285 312 268 327 49 332 288 267 326 244
414 602 513 97 483 655 173 660 473 481 614
417 689 271 747 306 293 285 325 270 244 288
418 482 478 479 660 483 193 602 198 356 481
419 285 268 241 284 302 267 305 257 339 320
423 299 257 312 747 327 321 244 268 300 258
426 332 312 747 325 322 287 306 689 293 300
427 332 257 327 326 268 747 287 309 244 681
430 257 312 287 327 332 325 300 288 677 309
432 257 287 299 312 326 288 327 300 318 241
433 0 741 24 116 281 283 1027 596 1046 404
437 124 110 274 24 275 116 273 741 150 221
438 257 285 268 301 293 332 267 747 312 288
439 268 300 301 285 332 302 257 326 304 305
440 299 257 49 180 747 285 327 288 244 236
442 287 299 327 301 300 689 306 325 267 288
443 287 293 300 301 332 288 267 689 326 339
445 299 312 257 332 288 271 309 322 339 321
447 689 312 271 299 305 241 346 327 310 314
460 285 299 300 288 267 287 327 689 339 332
461 257 293 747 327 332 244 321 285 306 750
463 312 49 99 126 244 322 267 241 318 309
466 120 180 128 507 236 221 8 12 285 404
468 513 169 660 478 605 477 481 492 479 190
469 13 123 236 274 115 110 14 241 1007 120
470 70 124 14 117 20 945 408 632 180 1059
472 474 99 285 268 257 284 92 149 12 220
474 268 299 293 287 300 288 327 301 271 267
476 277 110 948 65 273 933 274 715 124 475
480 173 193 68 190 482 167 422 495 96 210
481 257 299 293 312 332 285 322 325 321 677
482 173 126 171 190 482 434 99 422 193 209
484 299 257 332 689 301 326 271 314 339 309
489 275 120 12 128 507 13 284 24 110 274
490 13 275 136 241 268 220 274 8 12 301
491 49 97 190 602 473 356 169 173 512 179
493 126 274 257 275 268 13 299 317 282 284
501 327 747 322 325 306 244 331 681 321 688
506 257 293 325 306 258 321 331 357 300 288
508 293 312 747 327 322 332 180 677 244 285
509 747 327 325 306 331 681 330 309 342 326
510 257 747 327 325 326 306 322 331 244 330
511 287 97 173 293 332 126 299 270 180 175
512 293 287 120 257 0 747 677 596 256 299
514 332 325 300 326 331 244 258 688 330 271
515 173 317 482 0 171 126 68 356 422 97
516 293 287 747 312 327 285 288 244 300 322
518 325 880 681 306 330 689 688 322 342 299
519 257 312 327 287 300 747 332 244 321 322
521 97 173 55 473 182 602 482 478 186 49
524 49 116 257 180 293 6 221 741 8 470
527 171 97 194 175 182 312 299 95 21 287
528 299 332 312 747 300 288 306 301 689 267
529 285 180 317 0 236 274 257 68 126 293
530 312 332 327 257 325 306 293 300 309 681
538 69 85 190 13 317 581 513 212 282 99
539 236 120 275 116 126 274 287 24 150 404
543 299 332 747 300 244 306 689 288 268 326
545 332 747 299 327 322 325 677 326 244 306
546 268 299 285 287 689 271 293 267 326 747
548 116 124 14 221 404 741 150 596 24 256
549 677 257 116 117 244 596 741 14 256 325
554 99 0 236 285 293 14 126 274 275 221
555 285 268 257 97 173 513 301 482 312 49
556 257 285 301 312 332 747 327 300 339 323
557 284 275 12 220 474 99 136 8 223 241
562 93 87 65 392 120 450 721 62 66 738
563 257 287 747 293 327 677 325 306 321 258
564 13 284 581 85 115 274 136 18 44 735
569 312 299 268 332 327 293 326 271 267 306
570 513 478 482 477 491 660 512 473 605 479
571 274 236 284 275 285 99 282 14 115 474
572 99 180 0 236 317 482 14 221 190 97
573 312 285 300 304 327 305 267 749 306 310
574 257 173 287 299 312 171 285 99 55 0
575 285 0 257 99 299 268 120 288 126 287
577 299 747 332 312 327 325 321 357 270 306
579 287 116 677 244 327 117 312 256 321 236
580 13 123 115 18 12 136 285 128 92 149
581 116 0 99 741 117 545 293 275 146 272
582 97 55 173 178 602 473 513 186 179 184
583 49 180 293 173 0 299 209 120 194 116
588 327 747 325 244 689 331 268 309 301 342
589 123 282 0 49 110 120 136 24 507 6
593 99 268 257 274 284 126 275 115 136 288
595 285 99 268 747 267 474 288 236 332 301
596 257 236 287 285 747 120 116 124 256 99
597 299 332 327 300 287 747 326 285 301 306
598 124 845 14 279 1047 818 1050 219 741 286
601 257 299 287 312 327 322 332 244 321 325
602 49 194 55 97 95 209 227 78 88 81
603 97 287 671 435 49 218 446 175 180 173
606 13 284 115 169 513 18 282 285 164 508
608 299 312 332 327 747 322 325 306 244 689
610 257 301 326 327 689 747 325 271 270 269
611 124 120 49 180 150 221 24 470 110 741
612 274 236 14 285 99 8 282 13 180 284
613 236 120 14 124 110 117 150 741 49 6
615 293 306 244 300 689 326 331 258 309 301
622 99 513 173 190 317 0 196 356 97 426
625 299 268 321 301 325 270 244 326 300 677
627 312 285 327 268 300 288 747 244 306 326
630 257 332 299 327 326 301 287 268 689 747
632 49 180 99 173 257 11 6 95 126 10
634 257 287 285 312 332 288 244 321 301 49
635 236 14 275 49 13 24 110 12 284 285
640 268 285 602 169 478 481 305 482 922 301
643 287 677 244 124 0 221 117 312 14 686
645 327 332 747 287 325 322 293 244 300 306
646 180 0 49 117 293 124 596 470 545 287
648 236 124 117 404 221 741 256 596 24 150
650 268 257 299 318 300 288 301 287 312 327
651 257 312 327 747 325 677 321 288 309 689
655 312 257 689 299 339 332 327 304 267 318
656 99 287 6 257 275 49 126 123 507 120
661 13 18 220 123 115 474 1007 223 136 846
666 285 513 49 257 190 99 301 173 482 196
667 312 300 747 314 301 689 244 326 267 750
669 482 434 193 135 660 513 495 603 477 492
671 236 0 120 124 275 110 8 99 116 470
672 301 312 318 339 288 305 689 320 99 332
673 257 747 327 180 236 321 332 258 325 285
674 268 241 318 301 689 339 300 271 881 1021
676 287 293 257 49 116 180 120 99 256 117
677 99 120 8 124 150 116 12 221 13 282
678 257 172 171 97 209 299 312 285 215 317
679 49 0 180 126 236 6 221 257 293 274
680 312 299 332 300 747 325 306 268 326 322
684 257 332 312 287 299 300 327 267 689 288
686 257 327 293 332 285 300 288 322 325 268
687 299 332 312 327 257 747 322 293 689 244
688 180 0 293 257 116 287 99 236 126 741
690 182 173 473 233 483 478 175 186 482 199
691 236 14 0 120 110 124 49 150 117 116
694 257 332 268 301 326 327 689 285 339 747
695 268 299 285 257 689 271 300 332 302 327
699 97 99 126 55 171 0 203 356 482 63
700 285 257 268 300 293 301 318 287 747 267
701 327 322 332 325 270 677 750 244 306 271
702 285 99 120 312 288 126 244 327 14 268
705 299 747 312 327 285 322 677 116 321 288
712 689 271 332 299 300 327 304 302 257 345
713 117 221 124 741 545 256 293 24 410 287
717 116 124 596 236 0 293 287 180 256 747
718 14 0 274 110 24 180 99 150 273 69
719 300 689 299 326 302 327 304 339 271 306
721 257 49 287 293 0 120 285 116 275 180
722 285 268 299 49 312 293 287 301 99 300
724 287 293 268 288 747 49 312 267 327 275
725 293 747 299 287 257 327 677 244 332 312
727 274 110 282 277 948 13 273 279 739 735
728 257 322 325 244 258 306 300 288 677 331
729 287 293 285 312 288 332 244 0 267 322
731 257 268 312 300 332 327 301 287 326 747
733 49 180 0 99 126 482 356 236 68 193
734 236 49 274 13 287 120 12 14 293 110
735 236 99 275 0 8 120 116 474 12 14
736 49 99 55 97 180 6 173 0 171 78
738 312 271 299 173 257 689 327 309 343 306
739 257 312 300 332 689 326 244 267 271 306
741 120 126 293 275 256 150 24 8 285 287
742 285 257 312 318 241 332 327 689 339 747
743 99 285 257 97 268 180 123 173 513 317
744 49 126 478 602 513 356 473 317 171 483
745 173 194 209 97 175 227 21 228 384 120
749 257 332 312 325 322 306 288 326 301 689
751 268 332 327 302 314 749 267 318 331 330
752 97 602 126 317 171 257 478 479 190 513
753 257 299 293 287 747 244 322 285 288 332
754 257 285 312 332 327 300 306 325 322 267
758 293 747 285 287 312 288 244 322 300 332
759 14 0 120 236 117 110 87 70 24 150
760 120 116 124 117 741 256 99 404 6 596
761 285 268 318 300 241 267 257 288 13 302
764 99 275 474 12 115 8 123 282 0 18
766 513 478 602 479 483 660 473 481 512 603
767 236 14 124 273 180 254 275 221 99 117
768 236 124 0 116 741 117 24 221 470 596
769 293 99 285 236 275 120 116 332 8 244
770 285 268 299 300 49 327 287 271 318 747
771 257 327 293 332 747 285 268 300 288 244
774 312 332 327 300 287 747 293 288 325 314
776 49 180 236 120 221 150 110 275 24 6
777 402 95 180 49 549 209 225 54 11 3
778 0 120 49 236 117 124 150 116 404 24
779 173 49 55 257 482 172 268 180 167 312
780 49 293 299 312 268 97 55 171 327 172
782 747 312 325 322 326 293 331 681 244 357
783 299 287 747 293 300 689 288 244 301 326
784 257 293 312 299 49 285 97 173 332 327
786 312 327 300 326 271 747 285 287 288 314
788 99 275 6 236 120 123 116 149 12 128
790 257 293 312 747 332 322 301 325 306 689
791 236 117 116 124 14 741 404 24 283 221
792 6 474 116 99 92 117 409 741 545 122
793 99 257 275 13 123 6 8 284 287 267
796 257 293 287 312 322 244 332 325 288 677
798 268 299 312 293 287 301 99 126 300 332
799 49 99 180 6 0 116 120 287 257 97
800 257 312 747 322 244 677 321 288 331 326
801 287 332 312 747 327 681 357 306 270 263
802 257 299 312 300 332 288 327 301 318 287
807 257 327 268 747 300 326 689 288 306 325
808 299 287 293 332 268 244 300 322 321 325
809 257 327 747 689 288 322 301 306 326 244
810 287 312 327 332 244 49 321 677 325 180
811 299 257 332 312 322 321 306 258 331 689
812 299 747 327 312 257 322 332 325 287 244
813 443 435 440 636 378 669 572 566 562 446
815 299 332 747 327 322 677 306 244 270 321
816 287 116 293 99 120 49 180 221 272 126
817 257 268 312 287 300 332 267 326 293 339
818 268 257 285 300 312 287 327 288 332 293
819 257 293 299 327 332 244 285 49 322 180
820 236 49 150 221 24 124 110 470 126 256
821 293 287 747 299 257 322 677 327 312 258
823 257 299 312 332 327 747 268 300 689 301
826 299 327 332 287 268 747 285 293 288 326
828 284 136 115 285 18 282 474 268 581 85
830 293 312 285 288 321 677 236 300 268 126
831 299 287 747 312 677 332 288 258 49 242
833 285 236 0 275 180 299 8 120 288 14
835 285 301 513 339 97 302 478 173 482 271
836 110 0 120 124 8 470 125 254 13 99
837 49 257 126 0 287 293 221 120 116 97
838 99 0 14 8 12 6 116 24 124 292
840 257 312 327 293 325 244 326 300 689 331
841 257 299 301 332 300 327 285 689 326 271
843 312 285 293 287 268 173 327 171 301 747
844 332 304 326 300 881 302 343 327 306 299
848 180 49 0 117 116 221 194 95 209 182
849 68 422 0 49 87 434 495 142 193 190
851 116 0 120 293 221 287 257 124 236 747
852 312 332 306 321 689 288 681 309 342 268
854 169 13 268 284 212 115 285 136 18 581
855 299 327 293 747 287 332 288 285 244 300
856 285 287 268 288 312 300 747 332 327 318
857 257 287 299 293 312 332 747 327 301 300
858 236 124 814 120 277 273 279 475 755 12
859 268 314 318 327 257 339 301 305 267 749
860 268 285 69 380 318 581 115 284 267 212
864 0 49 180 99 221 236 117 287 404 150
865 268 285 257 300 312 267 288 339 689 327
866 55 171 126 99 88 172 0 233 203 6
868 236 124 0 274 110 254 120 8 24 285
871 293 299 124 244 677 116 120 312 332 325
872 312 285 287 268 332 327 300 301 747 288
873 99 285 49 274 284 268 126 8 136 236
874 55 602 285 186 99 317 174 178 179 233
875 285 99 268 257 301 49 126 267 287 318
876 301 267 312 300 318 288 271 287 302 326
878 120 124 117 116 24 110 470 741 404 755
883 285 13 284 318 136 282 85 18 267 241
884 65 93 392 691 203 201 738 68 62 14
887 13 284 274 115 282 275 12 318 123 18
890 275 120 274 0 110 99 8 12 124 13
892 120 117 6 741 545 596 221 180 49 124
894 257 236 99 0 285 293 120 126 299 287
897 257 268 312 300 301 288 332 327 267 293
899 99 6 0 49 275 116 126 236 180 117
900 0 49 120 422 203 209 221 14 68 117
901 0 285 126 99 236 221 14 120 116 287
902 6 49 126 474 11 233 173 120 199 272
903 69 87 948 691 110 14 236 380 274 48
904 287 99 49 293 0 236 120 180 285 116
905 236 49 0 8 274 12 24 13 110 180
906 236 14 120 110 0 24 275 741 274 470
907 99 49 173 602 473 182 126 482 513 233
908 268 318 241 305 301 302 267 284 300 339
909 257 293 49 299 285 180 312 747 126 0
910 49 171 193 180 131 132 68 135 70 190
911 513 190 173 97 356 434 426 478 210 473
913 948 715 65 1040 380 48 69 777 706 721
914 257 747 293 285 300 268 288 689 244 325
916 236 14 0 120 99 274 110 8 12 150
917 512 85 511 970 706 1020 735 516 284 854
919 332 312 326 287 257 325 306 747 689 300
920 236 120 117 116 293 49 221 404 741 110
921 203 87 392 422 68 120 81 180 96 69
922 257 293 747 299 120 677 322 49 596 6
923 236 49 99 14 274 275 8 180 24 110
924 287 257 299 293 747 312 327 325 326 306
925 257 268 312 293 301 300 267 332 327 318
926 120 0 117 404 150 116 24 180 741 410
927 257 299 287 312 293 747 327 322 325 285
928 97 55 182 175 49 171 233 99 95 126
929 49 0 236 180 99 257 293 14 116 221
930 299 285 312 300 288 327 293 747 332 287
934 14 0 124 116 117 49 221 24 404 150
935 99 275 123 6 12 149 236 257 128 292
936 285 99 13 275 236 268 49 257 12 123
937 120 116 117 0 236 741 596 404 221 6
938 124 596 117 755 931 14 925 741 116 236
939 312 257 293 327 285 287 268 747 332 300
940 49 287 99 293 0 126 120 221 747 299
941 299 257 293 285 747 258 321 288 327 332
942 549 232 120 402 67 545 52 577 384 228
