3 312 747 332 244 322 285 750 342 677 271
8 268 99 288 274 126 299 317 257 312 301
16 49 275 257 180 14 126 274 287 120 299
18 285 268 299 55 293 49 97 99 288 301
26 6 180 0 116 126 256 275 257 146 545
32 287 299 747 325 321 331 330 285 288 303
33 299 257 287 327 306 747 300 332 321 322
34 287 293 322 312 244 306 288 285 681 303
35 299 326 257 301 345 331 285 327 312 330
38 285 301 287 327 339 689 749 326 302 288
45 257 285 321 325 322 300 268 301 288 303
46 299 318 312 332 241 327 689 293 747 304
49 257 6 149 49 299 126 247 92 292 13
50 173 97 55 182 203 482 356 422 175 434
54 221 6 0 287 126 257 293 99 173 545
60 312 287 285 244 325 321 306 288 271 342
77 257 299 285 110 0 747 49 327 275 8
85 747 306 689 332 312 300 325 321 330 291
87 339 268 309 332 257 271 327 306 326 315
92 236 110 24 49 470 404 180 755 117 273
97 196 49 482 426 285 514 82 274 203 212
104 299 293 327 300 288 244 345 321 322 750
106 293 300 747 327 271 288 318 314 244 302
110 299 267 318 326 287 749 269 689 345 288
119 49 180 99 221 293 6 117 299 287 275
123 55 182 180 175 88 209 233 203 21 184
126 312 677 322 327 271 878 180 244 268 894
131 99 530 474 178 6 115 513 180 196 275
132 747 287 332 301 689 270 322 326 300 288
133 287 244 332 321 288 306 49 309 331 270
138 257 318 275 8 123 299 12 300 13 268
139 299 287 268 312 327 326 332 747 306 689
142 299 747 244 268 677 288 301 326 331 303
145 285 302 689 304 749 269 331 267 343 747
146 301 285 299 302 346 306 287 326 310 327
152 287 299 97 221 285 312 172 116 175 0
154 299 257 312 268 288 300 301 332 244 321
162 312 293 49 173 301 288 180 99 126 270
165 244 332 325 288 677 689 306 331 268 300
169 299 747 312 331 306 288 242 330 681 328
201 49 126 173 482 99 180 97 602 274 513
204 287 293 244 322 300 309 331 291 306 301
211 482 49 136 478 169 173 513 274 602 133
219 301 312 327 326 747 320 269 689 271 270
224 173 49 422 483 478 198 204 482 97 194
227 268 293 257 301 267 339 288 747 270 172
230 14 236 293 124 221 257 116 256 99 24
239 257 327 332 293 285 325 322 321 331 677
240 257 268 327 285 747 332 314 326 325 271
241 257 285 288 287 299 275 241 300 268 274
244 120 0 117 404 14 256 124 110 236 741
246 285 257 293 312 288 287 300 274 747 327
251 123 507 149 49 282 12 241 126 743 257
257 299 268 244 321 300 325 306 258 677 303
259 306 301 345 327 331 330 326 688 749 293
260 299 257 327 322 306 677 332 312 285 681
265 241 257 268 99 299 49 288 8 115 300
272 268 285 301 299 257 300 749 305 309 326
277 301 299 270 271 302 326 339 267 332 689
280 299 747 327 312 244 285 306 677 291 258
281 312 285 327 747 300 244 331 689 288 271
288 117 116 180 596 49 236 256 545 239 147
299 747 322 325 677 244 257 332 306 258 331
301 299 287 312 332 677 325 285 331 330 681
303 257 747 288 322 244 325 677 303 300 332
308 268 300 327 312 747 293 287 288 306 301
309 285 0 247 474 299 236 24 110 741 150
316 257 293 332 342 331 681 306 894 309 326
318 287 257 299 326 285 747 327 271 293 269
334 293 285 326 271 301 325 288 309 330 300
340 331 325 306 747 299 880 332 327 322 257
352 287 312 293 747 301 268 306 322 689 288
354 332 326 257 747 331 880 689 330 300 325
355 287 300 322 244 689 288 331 268 301 749
361 325 285 677 288 342 306 326 270 268 330
363 257 299 300 327 747 312 332 326 322 306
368 257 268 285 301 287 299 293 312 326 288
383 257 287 293 285 321 244 331 309 322 314
385 180 0 287 741 293 256 257 236 146 99
399 312 288 332 321 244 325 301 314 309 326
407 268 332 300 288 689 749 244 322 331 306
409 300 287 301 293 309 271 332 244 306 749
413 285 312 268 327 326 332 270 267 288 244
414 285 49 173 180 126 97 602 287 293 171
417 306 269 293 285 747 339 270 346 331 271
430 287 257 327 312 332 288 300 677 325 270
440 299 257 747 327 49 285 244 322 180 332
442 287 301 299 271 323 267 269 327 345 689
443 301 287 300 267 339 318 326 749 345 293
460 285 299 267 287 300 288 244 99 327 339
470 70 14 431 945 20 180 415 117 621 120
474 299 268 293 287 301 288 271 300 327 339
481 299 257 285 293 312 321 322 332 309 677
484 299 257 301 332 314 689 321 331 326 271
508 293 747 312 327 285 332 321 322 244 268
510 257 747 325 306 327 331 322 342 244 330
511 99 126 180 97 173 287 11 171 95 293
512 120 0 6 287 293 257 236 596 14 741
515 257 173 293 0 99 426 7 126 317 482
519 257 287 236 14 747 49 244 327 312 322
530 257 312 306 293 327 332 325 300 342 314
543 299 747 332 244 321 306 314 677 689 271
546 268 285 299 271 689 287 749 293 326 320
548 221 404 116 14 124 256 257 150 741 545
557 241 284 739 318 275 220 8 223 12 9
562 120 221 116 404 293 299 287 0 110 87
569 299 268 312 293 327 267 326 332 271 321
570 513 479 482 478 522 481 426 660 510 473
571 274 285 257 275 254 14 241 236 282 115
574 173 257 99 285 171 356 317 55 63 0
577 747 312 332 299 327 321 285 750 306 242
580 285 13 115 507 241 123 267 136 318 257
582 55 97 317 237 602 173 178 182 186 179
583 21 227 264 49 180 173 172 194 78 567
593 274 99 8 275 268 282 257 126 123 299
595 747 327 244 285 49 288 325 99 321 268
597 299 327 747 314 287 309 325 293 306 270
601 287 257 299 322 327 244 312 325 321 288
603 97 671 218 673 287 52 446 674 180 49
608 299 747 332 327 288 306 244 300 357 321
611 49 180 120 293 288 124 150 470 273 99
612 285 274 99 14 173 180 356 190 482 13
625 299 321 244 325 677 330 268 300 270 326
627 268 285 312 747 327 300 271 288 309 244
630 257 299 287 268 301 327 747 326 314 339
634 257 285 287 288 244 312 321 267 49 332
635 49 14 275 236 285 110 180 24 13 6
645 306 747 327 287 332 325 749 322 293 258
648 236 124 117 256 404 741 221 596 150 8
650 318 268 257 320 299 302 300 301 288 274
651 257 747 312 180 327 49 321 120 0 677
655 257 312 299 339 287 267 318 304 314 306
656 257 49 287 99 275 6 236 180 126 120
661 474 13 8 236 99 123 115 282 0 241
671 236 8 120 0 124 12 110 275 273 256
672 312 301 288 339 318 320 689 270 305 244
674 339 301 267 318 268 241 300 271 689 903
677 120 99 8 150 283 470 12 254 124 844
680 299 312 301 306 300 326 747 331 332 268
684 267 302 257 299 287 312 300 305 261 269
686 257 327 285 322 293 332 268 288 300 321
687 299 322 332 747 327 312 688 894 686 871
690 173 182 478 482 171 175 99 133 126 473
694 257 301 285 268 327 339 326 332 747 288
695 271 268 285 302 257 315 749 300 269 288
699 97 203 55 171 63 194 175 356 0 68
700 285 268 257 300 320 293 318 747 287 301
701 270 677 322 327 688 325 271 894 314 750
705 299 120 116 221 747 236 285 126 256 404
719 302 304 299 271 310 300 326 269 339 306
721 49 0 120 180 287 293 257 116 14 256
722 49 285 180 99 317 126 268 293 299 287
724 49 293 268 287 747 288 241 267 312 275
725 747 293 124 327 257 677 299 325 244 180
727 49 8 0 180 285 257 287 6 275 299
728 257 322 314 342 258 749 285 331 325 244
731 257 268 300 318 327 287 312 301 241 293
735 8 99 507 236 474 257 123 6 297 1013
736 55 173 97 49 356 317 99 203 482 196
739 257 312 300 332 320 267 689 244 322 326
741 120 126 287 293 275 8 285 256 404 24
742 285 257 241 327 312 747 332 244 318 321
743 99 97 285 180 317 268 514 474 257 6
753 120 124 256 293 0 49 257 470 545 180
758 293 287 747 49 322 180 244 288 236 285
761 268 285 13 257 267 241 274 318 320 49
764 8 275 99 115 268 474 12 123 282 318
768 0 236 221 124 117 741 24 180 596 49
771 257 327 293 747 285 244 332 288 300 268
774 312 300 287 327 302 314 747 332 288 339
776 49 180 317 221 120 173 69 257 68 236
778 49 0 120 293 116 236 124 150 404 99
782 312 293 747 331 244 325 322 285 301 321
783 299 747 287 244 288 321 293 300 689 303
784 257 49 173 171 172 97 175 180 285 293
788 275 99 6 149 274 123 12 236 257 120
790 257 293 747 312 332 322 267 301 320 677
793 257 99 267 275 282 507 287 13 299 301
796 287 293 257 312 322 677 321 244 325 288
798 268 299 602 126 482 293 301 514 99 513
799 257 287 0 747 49 120 285 99 236 180
800 257 747 312 244 322 331 321 677 750 342
802 299 257 312 327 300 293 301 288 287 322
807 257 268 747 327 326 300 267 288 321 314
808 299 287 293 268 332 49 244 321 300 322
809 257 747 327 244 301 321 322 288 270 306
810 287 327 312 244 321 332 268 325 309 320
811 299 257 322 332 312 321 306 331 681 689
812 299 747 287 322 677 327 325 332 257 312
813 636 669 97 572 443 233 287 182 566 446
815 299 747 327 322 332 306 677 681 894 244
816 287 293 180 49 116 120 99 299 221 256
817 257 287 312 268 306 339 326 332 300 749
818 285 268 300 257 288 312 269 324 287 271
819 299 257 327 293 285 332 322 268 271 325
821 257 747 293 0 287 299 327 312 244 322
823 299 257 747 327 244 312 332 268 300 318
826 299 285 268 287 293 327 332 747 314 288
831 299 287 747 288 332 677 49 312 303 0
836 110 120 8 0 49 254 125 99 283 221
840 312 257 327 293 321 326 750 244 268 301
841 301 257 285 749 339 326 345 299 300 689
844 339 285 306 257 681 287 332 299 304 326
848 49 0 180 70 293 116 117 422 68 150
854 922 169 513 512 212 18 58 13 602 284
855 299 747 327 287 293 285 244 288 268 332
856 285 241 288 268 318 300 287 303 301 747
857 257 299 287 293 312 301 244 327 300 747
858 236 92 1047 120 814 124 755 273 863 283
860 285 318 581 136 267 380 69 241 268 115
865 285 268 302 257 267 300 339 288 310 312
868 236 120 254 124 8 0 275 256 99 24
872 287 285 327 312 747 268 288 321 322 244
873 285 274 268 49 257 99 318 267 8 241
875 99 285 49 602 13 11 482 474 513 55
878 120 49 180 124 117 470 404 741 116 24
883 285 13 284 136 318 241 288 267 123 282
887 284 274 275 530 123 8 318 99 85 24
890 8 120 274 12 0 275 254 180 150 110
894 120 0 236 99 14 221 126 6 8 256
897 257 268 312 301 293 332 327 267 300 288
899 49 99 180 514 6 126 275 116 221 282
901 285 287 126 99 268 747 244 288 6 327
903 948 110 236 274 87 14 69 24 691 254
904 287 293 49 285 747 99 180 0 120 116
905 8 0 49 123 507 126 285 180 236 257
908 268 318 241 284 18 320 136 302 267 301
909 49 180 0 6 257 293 126 285 275 120
911 97 173 356 513 477 478 186 190 133 473
913 69 948 777 731 1040 380 274 48 14 65
914 257 747 285 321 293 322 268 288 244 325
916 99 14 8 236 0 120 110 6 150 274
919 287 312 257 293 747 326 894 306 332 268
924 287 293 257 299 327 747 312 357 270 321
925 257 268 312 293 327 301 267 747 244 326
927 257 287 293 99 49 299 267 268 750 301
928 97 49 55 171 172 602 182 356 180 63
929 49 0 180 99 236 221 14 116 293 257
930 285 299 288 300 320 293 312 241 318 747
934 14 0 124 24 116 49 117 404 180 221
936 285 318 268 13 115 123 99 275 288 320
938 124 596 117 747 755 293 925 411 545 410
940 49 99 287 120 293 221 0 249 126 117
