0 317 203 171 654 422 404 384 27 272 275
1 285 318 320 274 267 327 8 747 244 301
2 312 747 285 300 681 345 268 677 258 339
3 312 332 747 244 750 285 322 271 342 314
4 55 81 160 194 95 163 173 567 264 558
5 180 602 653 171 704 656 495 7 178 215
6 49 143 163 210 172 217 196 356 208 11
7 312 287 229 747 299 233 270 750 97 271
8 268 99 288 299 274 312 126 317 257 55
9 317 178 203 513 478 171 152 172 186 208
10 201 49 654 180 173 209 172 185 152 196
11 180 172 68 0 55 422 99 209 221 63
12 175 217 187 357 134 258 27 181 54 244
13 285 0 236 275 317 136 24 257 514 63
14 293 99 275 287 116 297 283 321 244 150
15 49 180 209 172 175 184 237 264 185 195
16 49 275 180 14 257 274 126 120 288 287
17 82 654 356 173 510 132 520 172 49 27
18 285 55 268 99 49 293 97 299 126 288
19 49 14 221 116 70 124 236 256 203 293
20 671 332 52 681 545 146 180 306 322 116
21 81 55 384 173 264 587 94 182 233 97
22 167 172 180 317 63 178 196 209 185 68
23 49 180 173 0 203 221 6 27 171 120
24 482 193 198 131 422 434 99 190 317 495
25 287 281 146 470 272 288 327 244 322 762
26 180 6 126 116 0 275 257 256 272 545
27 182 180 171 52 21 143 126 264 558 203
28 257 312 287 270 332 326 271 327 339 288
29 287 299 747 327 244 270 332 322 357 342
30 285 268 602 922 241 257 312 300 44 304
31 49 180 0 257 120 236 126 285 24 124
32 287 299 747 325 331 321 258 330 326 288
33 299 257 287 301 332 268 306 300 327 312
34 287 293 322 306 244 288 309 312 285 291
35 299 301 257 285 326 331 298 880 300 345
36 180 120 143 183 225 257 293 567 226 61
37 180 567 229 596 55 545 230 209 49 95
38 285 301 339 287 302 689 749 327 318 326
39 312 301 287 300 689 314 747 288 326 318
40 171 49 203 172 182 63 190 184 21 78
41 392 185 738 167 55 207 93 7 116 152
42 201 254 287 738 654 124 475 21 281 747
43 180 78 209 172 264 116 182 21 233 27
44 124 470 404 116 1027 221 273 1046 254 814
45 257 285 325 321 300 268 288 309 301 267
46 299 318 312 241 332 327 689 293 747 304
47 317 257 204 483 21 134 126 133 198 481
48 287 155 11 745 91 4 221 78 143 183
49 257 6 149 49 292 247 13 92 126 320
50 173 97 55 182 482 203 434 422 175 356
51 49 0 275 180 8 282 221 6 285 126
52 0 116 221 126 404 14 741 236 275 293
53 293 299 677 221 281 124 322 285 321 507
54 6 221 126 0 287 99 293 257 545 741
55 404 392 565 27 287 379 738 1 366 98
56 0 120 117 256 741 146 126 275 684 24
57 6 285 55 275 507 178 190 13 257 514
58 7 152 27 221 143 142 3 153 116 213
59 482 134 422 518 647 602 526 519 190 317
60 287 312 285 244 325 258 288 306 321 878
61 6 78 150 233 24 201 63 116 190 10
62 274 8 6 180 247 120 123 256 126 293
63 171 203 293 434 356 495 482 650 196 179
64 203 152 173 691 185 180 7 236 356 171
65 256 221 117 99 124 24 275 150 8 545
66 117 596 236 14 116 470 741 180 684 762
67 0 14 99 221 150 256 293 283 146 844
68 126 285 275 256 0 312 120 324 249 268
69 194 171 21 55 214 226 143 97 434 317
70 99 126 257 97 268 317 274 6 293 123
71 182 167 172 21 482 185 152 131 215 178
72 49 173 97 171 257 190 78 180 21 181
73 285 299 268 288 320 318 747 49 321 324
74 180 49 256 6 14 221 281 275 470 297
75 267 301 474 1072 268 339 170 918 197 49
76 97 63 203 317 422 78 182 221 193 233
77 257 285 299 327 0 110 274 49 275 747
78 13 320 474 284 241 301 8 288 299 293
79 317 173 285 171 63 172 257 180 179 356
80 14 49 180 124 116 256 8 762 844 254
81 116 256 236 117 470 281 741 97 317 249
82 221 49 741 150 256 236 471 762 281 844
83 49 180 256 126 470 124 117 173 146 8
84 195 473 21 171 180 177 201 650 602 481
85 332 747 306 689 325 312 300 301 688 271
86 172 167 0 55 401 70 27 264 68 225
87 268 339 257 291 332 304 309 269 305 302
88 284 69 24 115 8 275 285 288 273 254
89 49 134 581 318 237 920 136 172 22 167
90 198 193 182 704 257 78 293 95 184 172
91 150 24 126 596 146 68 216 549 69 238
92 236 110 24 470 49 180 117 404 8 281
93 366 238 558 225 232 1 230 116 187 181
94 55 229 434 49 226 500 317 237 221 731
95 174 167 233 134 208 171 602 203 11 178
96 55 473 482 317 184 233 175 479 63 133
97 196 49 426 482 212 82 99 514 236 274
98 293 221 256 126 288 297 150 14 285 249
99 306 747 331 681 326 258 300 342 314 321
100 14 762 1027 24 475 471 408 684 870 293
101 173 171 226 21 6 678 1 422 16 99
102 0 99 236 14 6 173 257 24 741 55
103 327 8 120 0 297 321 677 320 741 124
104 299 293 327 300 288 244 314 345 346 750
105 69 282 49 110 508 275 236 196 8 201
106 293 271 300 747 288 689 327 314 244 318
107 8 275 14 256 150 24 257 285 474 116
108 55 49 384 21 27 234 684 239 1 207
109 402 28 209 61 553 390 1227 398 719 228
110 299 318 267 689 749 287 269 305 326 288
111 287 339 689 269 314 331 267 681 325 318
112 299 306 747 300 332 312 268 303 330 180
113 173 184 193 602 134 171 479 478 133 172
114 99 275 0 317 63 221 116 150 473 514
115 326 268 318 269 244 689 304 325 315 320
116 117 293 99 126 249 124 146 272 275 23
117 182 233 446 447 11 181 88 218 655 99
118 256 257 0 126 272 747 117 150 507 280
119 49 180 99 221 293 117 6 470 299 275
120 6 0 285 14 221 257 474 150 282 284
121 51 96 178 152 654 482 196 63 161 203
122 317 268 356 190 169 173 602 133 179 193
123 55 182 180 175 88 209 233 203 81 193
124 195 422 654 95 81 131 160 401 94 384
125 306 747 285 268 300 267 269 291 749 330
126 312 322 327 677 271 878 750 244 314 180
127 27 317 526 7 152 434 99 274 210 356
128 300 339 318 689 288 327 304 346 332 305
129 257 116 120 6 750 126 322 143 258 264
130 318 474 115 257 320 267 288 282 12 49
131 99 474 178 180 530 6 275 13 115 8
132 287 301 747 332 300 689 270 288 326 339
133 287 244 332 288 321 306 49 309 331 270
134 217 10 52 163 4 171 199 183 181 16
135 49 0 284 257 180 267 6 318 149 241
136 293 287 257 6 124 677 99 741 126 327
137 49 190 173 126 479 274 196 180 477 167
138 257 318 275 123 320 13 12 268 8 288
139 299 287 268 327 332 747 312 326 306 291
140 293 180 741 110 8 762 1015 325 410 147
141 257 312 268 285 299 49 747 301 267 173
142 299 747 244 268 677 288 326 301 309 270
143 274 221 120 293 24 150 149 268 12 514
144 287 747 120 322 217 332 1015 146 244 325
145 285 689 302 304 749 332 331 747 269 287
146 285 301 302 299 346 287 306 305 241 320
147 193 317 172 482 63 422 194 126 210 27
148 287 749 346 689 314 305 241 332 306 269
149 6 285 8 236 257 274 293 507 14 116
150 134 7 526 27 172 142 178 126 201 510
151 0 221 475 49 404 69 755 180 741 470
152 287 299 221 285 312 97 172 99 0 175
153 97 99 602 513 55 268 317 22 172 482
154 257 299 268 300 288 312 301 267 332 244
155 513 602 97 173 482 473 55 478 178 653
156 120 6 236 180 474 14 256 281 293 741
157 97 6 194 11 233 404 3 264 202 514
158 596 287 117 49 0 180 256 299 221 1046
159 180 126 97 11 627 120 146 8 918 182
160 0 257 171 356 215 221 526 293 426 120
161 99 117 404 55 126 256 239 545 275 272
162 312 293 49 173 288 301 99 180 747 327
163 287 293 49 0 256 6 327 545 14 249
164 49 293 0 299 55 99 312 285 97 172
165 244 332 325 288 258 677 326 689 306 331
166 87 422 173 484 450 142 227 482 185 194
167 180 49 236 470 126 475 110 1027 146 249
168 285 293 317 356 97 193 312 483 182 478
169 299 747 331 306 330 242 288 878 328 312
170 318 299 300 749 346 288 271 241 310 320
171 658 212 662 516 85 47 191 164 473 480
172 257 287 312 332 747 306 244 309 339 303
173 120 24 410 404 221 273 87 691 180 281
174 173 97 180 203 78 167 422 356 68 209
175 268 299 332 301 275 300 747 312 8 241
176 285 97 312 268 116 327 184 750 186 271
177 173 117 150 172 68 251 327 110 131 190
178 312 269 346 343 747 326 348 342 881 331
179 69 87 65 96 654 401 691 237 167 3
180 236 292 49 256 543 297 286 180 244 247
181 14 24 275 150 126 116 274 6 404 741
182 194 173 384 55 182 402 232 78 553 172
183 167 196 203 110 508 210 7 178 172 150
184 99 0 482 282 13 478 136 190 426 150
185 747 677 322 180 49 596 357 327 244 325
186 317 513 203 482 173 654 356 210 152 179
187 49 171 422 221 167 0 116 182 227 185
188 13 477 426 63 356 212 236 513 514 284
189 287 49 180 677 285 321 322 306 0 126
190 257 689 302 304 318 345 267 346 326 305
191 285 8 236 12 293 274 0 299 318 474
192 180 49 747 221 201 404 256 117 750 215
193 95 207 317 175 10 683 500 417 150 746
194 287 10 293 285 78 271 175 11 21 268
195 274 13 236 318 735 87 254 99 282 731
196 750 49 342 226 172 233 688 97 357 268
197 203 21 27 95 88 11 201 143 256 150
198 287 299 288 49 747 320 318 236 327 244
199 180 143 21 402 167 565 215 256 185 251
200 6 507 167 432 134 216 194 293 473 656
201 49 99 180 173 126 482 274 97 602 513
202 299 747 120 285 327 677 124 117 321 244
203 268 318 288 312 271 326 689 304 346 293
204 287 293 244 300 322 309 301 326 291 320
205 306 326 269 304 348 343 688 300 346 325
206 49 0 221 6 150 256 404 237 234 117
207 691 172 167 152 209 731 317 97 68 7
208 318 288 299 267 312 339 301 327 747 302
209 172 27 195 7 190 70 587 193 214 81
210 49 312 257 293 747 288 327 325 322 878
211 478 49 482 136 173 133 473 99 513 602
212 97 182 194 95 236 422 209 88 167 275
213 285 257 13 123 196 181 8 197 513 514
214 172 78 95 434 68 264 317 96 99 160
215 180 221 120 126 116 95 194 172 175 88
216 229 160 183 226 448 264 287 227 228 54
217 97 178 184 88 181 179 237 233 78 47
218 285 312 49 267 514 271 747 288 190 126
219 301 312 327 326 747 689 269 241 320 271
220 10 287 116 126 97 545 0 175 143 67
221 404 229 596 97 565 234 684 471 379 683
222 120 180 49 677 747 14 221 470 150 545
223 288 64 738 274 691 49 24 236 256 277
224 173 422 483 49 204 478 198 356 482 131
225 99 49 275 180 474 126 0 123 236 136
226 257 507 245 274 247 236 180 267 0 256
227 268 257 293 339 267 301 288 318 747 299
228 300 326 269 689 267 270 345 293 306 332
229 422 194 142 68 526 172 132 190 214 317
230 14 236 293 124 221 116 99 256 24 117
231 285 173 257 178 356 171 167 179 186 237
232 63 171 426 134 131 179 495 479 478 133
233 614 493 630 189 658 126 513 161 654 82
234 167 97 131 426 186 172 285 55 171 215
235 0 120 526 7 275 356 256 24 167 172
236 479 483 193 653 506 426 477 134 317 510
237 0 236 14 116 49 287 24 596 221 741
238 196 479 656 169 190 356 22 126 178 198
239 257 327 332 285 293 326 689 325 314 301
240 257 747 285 327 326 332 268 325 322 244
241 257 285 275 274 320 288 318 268 8 241
242 69 8 275 49 273 99 844 212 380 706
243 24 120 404 201 14 55 87 209 691 741
244 120 0 117 14 256 404 110 124 236 116
245 55 78 217 225 52 163 404 221 233 143
246 285 257 312 293 288 287 327 747 274 267
247 55 287 221 275 11 257 507 272 194 317
248 126 275 287 507 474 233 150 117 203 285
249 285 256 120 78 299 171 268 275 249 297
250 126 24 275 293 8 173 234 273 283 545
251 123 282 149 12 49 126 284 241 507 236
252 173 180 171 257 317 422 194 203 190 356
253 227 403 194 160 142 567 968 404 214 95
254 180 378 325 16 49 183 815 768 332 312
255 596 239 410 762 99 280 251 1015 256 927
256 267 241 318 284 123 320 301 339 302 149
257 299 244 268 321 258 300 325 306 681 303
258 49 99 55 257 126 6 78 221 0 173
259 306 301 345 331 327 894 749 689 326 688
260 299 257 327 322 677 306 332 312 331 309
261 215 221 150 203 96 69 24 195 116 172
262 171 426 180 172 190 55 704 312 70 602
263 208 88 233 217 49 196 175 173 126 180
264 120 0 293 221 404 24 275 596 8 146
265 268 257 241 99 8 288 49 299 115 275
266 78 95 209 10 180 182 194 160 172 88
267 201 21 430 446 215 27 184 392 53 117
268 78 11 27 96 227 214 3 202 189 442
269 99 55 918 507 126 11 627 293 275 128
270 173 482 215 152 27 426 654 221 185 142
271 184 88 186 317 63 167 175 178 134 179
272 268 285 301 257 299 300 305 749 241 267
273 120 221 150 126 256 6 283 595 282 762
274 81 173 171 194 567 229 78 227 203 226
275 160 171 88 91 215 199 32 181 451 650
276 0 474 274 149 124 126 221 297 125 117
277 301 299 271 339 302 270 326 332 267 689
278 221 6 117 741 558 71 450 231 2 216
279 120 422 450 221 167 738 195 402 587 185
280 299 747 327 312 244 285 306 677 258 291
281 285 312 747 327 300 244 288 689 331 271
282 0 120 110 24 180 117 404 87 68 236
283 287 326 314 270 293 241 291 310 320 244
284 285 49 293 180 126 267 55 173 0 6
285 293 312 221 366 172 234 285 747 117 66
286 257 287 6 126 285 474 299 507 404 272
287 285 312 99 55 180 287 186 301 171 193
288 117 116 180 596 49 236 256 545 147 471
289 194 98 78 214 95 172 7 500 150 93
290 404 558 67 216 239 451 221 664 446 1
291 317 11 473 171 482 285 190 88 356 133
292 97 27 237 317 175 126 190 384 116 196
293 293 327 332 325 0 404 258 288 242 303
294 392 131 194 691 238 142 567 27 731 7
295 136 282 149 318 320 317 299 301 287 24
296 99 126 171 95 312 317 120 63 404 202
297 99 63 221 172 95 190 55 134 14 116
298 268 178 267 82 7 381 380 257 179 41
299 747 677 322 325 257 306 244 258 332 124
300 233 182 99 654 207 237 225 431 434 210
301 299 287 332 312 325 285 331 326 677 301
302 6 545 216 76 237 172 565 654 88 239
303 257 747 288 322 244 677 325 332 300 306
304 172 27 21 602 193 530 181 495 131 513
305 275 284 8 14 236 739 123 120 254 474
306 49 317 97 96 215 78 7 201 434 237
307 171 473 526 172 479 630 189 227 650 82
308 268 327 300 291 288 293 287 306 747 312
309 0 247 285 474 236 24 150 741 297 110
310 434 152 229 78 426 94 738 143 510 153
311 491 134 510 483 198 196 496 317 526 503
312 180 172 78 175 195 356 196 602 215 187
313 117 475 470 221 1046 180 49 239 925 224
314 49 178 173 88 257 317 171 513 78 181
315 513 193 526 268 478 85 180 495 133 215
316 257 293 332 342 681 331 306 894 326 258
317 96 201 152 392 172 167 27 450 422 207
318 287 257 299 747 327 326 285 689 269 293
319 180 55 221 596 95 229 143 217 227 97
320 477 426 481 497 660 317 491 487 704 605
321 55 97 99 186 173 473 285 171 182 174
322 275 180 0 236 123 272 627 249 514 268
323 244 332 99 180 312 236 268 325 303 256
324 193 171 55 602 426 478 88 317 21 495
325 55 356 187 96 210 647 27 163 195 214
326 317 174 267 155 184 186 175 182 41 222
327 55 287 173 257 95 209 49 384 175 172
328 293 126 288 0 267 8 327 221 747 256
329 221 172 24 195 142 116 78 110 81 185
330 22 11 316 1018 656 136 922 339 60 530
331 49 684 249 99 23 471 150 280 14 244
332 49 257 285 172 180 288 312 287 209 221
333 293 13 63 179 0 747 233 320 120 193
334 293 285 301 326 271 325 288 330 314 300
335 24 410 411 117 392 475 277 933 755 738
336 404 70 116 0 173 1027 117 422 471 264
337 478 356 477 190 317 97 660 49 495 63
338 95 175 171 209 317 215 210 201 650 7
339 482 68 495 131 426 484 526 418 96 209
340 331 325 306 747 880 299 332 322 327 688
341 49 136 474 8 150 0 126 180 274 13
342 180 171 215 203 21 208 69 172 181 221
343 99 14 257 256 116 474 293 149 317 237
344 274 275 221 285 180 256 126 6 474 149
345 194 81 229 227 567 225 230 221 228 201
346 236 545 10 249 110 146 264 227 63 70
347 124 470 596 180 49 283 1046 221 281 256
348 0 6 24 281 292 12 110 283 150 741
349 55 602 193 473 99 126 317 233 483 356
350 257 332 689 293 258 330 271 268 301 314
351 173 10 184 21 203 126 167 199 178 179
352 287 312 293 301 747 268 689 306 288 750
353 513 318 44 516 922 920 511 282 639 178
354 332 326 257 747 331 689 300 301 325 880
355 287 300 244 689 268 301 258 331 288 270
356 14 180 49 281 287 256 24 99 755 275
357 169 191 197 656 97 184 602 653 55 478
358 257 287 49 293 299 221 99 126 256 244
359 317 288 8 275 136 293 318 312 267 299
360 49 179 190 201 482 581 210 208 126 47
361 325 285 677 288 342 258 300 306 326 270
362 180 99 167 312 126 27 52 293 229 384
363 257 299 300 327 312 747 332 326 331 291
364 285 299 312 747 327 318 49 256 254 306
365 378 673 4 443 589 182 669 550 440 566
366 446 180 568 293 589 443 772 859 853 815
367 184 199 412 257 674 443 589 442 673 440
368 257 268 287 285 301 299 293 312 332 326
369 482 478 190 473 196 356 193 317 285 179
370 55 171 203 175 95 194 167 172 88 143
371 6 257 293 412 323 568 378 183 16 357
372 173 167 215 691 78 237 55 7 97 132
373 180 116 545 249 24 410 470 409 454 1015
374 55 97 52 671 183 199 218 163 16 447
375 285 49 99 257 0 317 293 275 126 299
376 293 299 301 332 285 49 327 268 326 180
377 203 68 24 167 96 126 237 227 63 401
378 422 131 21 153 208 27 181 317 264 482
379 173 55 233 172 209 190 178 95 78 194
380 69 7 126 526 237 196 85 64 274 180
381 180 514 123 285 11 272 116 128 0 12
382 285 268 169 190 317 49 193 178 274 461
383 257 287 285 293 244 268 309 314 321 306
384 178 22 189 196 99 530 513 516 63 646
385 180 0 741 287 293 256 257 124 236 677
386 233 11 184 173 442 163 172 153 52 152
387 293 747 6 244 180 321 49 326 357 285
388 142 132 96 317 195 214 658 161 194 647
389 268 241 320 293 300 267 275 244 321 287
390 180 97 171 513 6 182 78 0 426 22
391 268 99 136 123 241 13 474 274 300 115
392 209 81 0 400 229 230 150 410 719 62
393 402 175 230 182 81 233 10 167 52 565
394 293 221 257 116 299 287 404 117 747 741
395 293 117 180 257 49 747 256 6 322 684
396 257 268 293 271 186 332 97 299 270 88
397 209 152 134 482 96 142 194 526 7 214
398 215 10 201 0 27 88 28 231 216 3
399 312 288 244 321 332 325 301 326 309 314
400 14 221 190 426 422 299 7 215 257 288
401 99 180 120 14 507 149 282 13 173 741
402 0 49 236 741 14 124 24 404 293 281
403 287 314 325 285 321 750 300 270 681 872
404 804 173 195 384 442 636 1134 152 549 1410
405 97 55 99 184 482 422 602 653 656 199
406 209 167 233 78 21 63 434 567 317 190
407 268 332 300 288 339 689 749 244 267 302
408 602 133 510 193 268 511 131 184 55 189
409 287 301 300 271 332 244 293 749 269 326
410 173 203 172 81 78 422 95 175 120 131
411 97 49 99 180 184 126 203 88 78 175
412 287 293 99 267 747 318 320 312 275 126
413 285 312 268 327 332 326 270 288 267 244
414 285 49 173 180 126 287 99 293 602 97
415 221 99 299 110 596 234 172 78 654 94
416 567 203 52 116 21 120 228 226 565 1
417 306 269 339 285 346 293 271 747 270 750
418 482 126 479 356 478 602 97 317 55 426
419 285 268 267 241 305 257 284 339 320 302
420 22 180 78 287 257 178 167 317 293 208
421 6 55 507 267 146 245 412 297 545 16
422 287 293 288 300 331 258 49 291 242 320
423 257 299 747 312 180 321 327 244 677 987
424 257 49 163 299 88 225 664 558 435 10
425 135 614 660 478 497 483 519 484 603 182
426 300 306 689 287 325 747 332 326 881 322
427 257 287 268 747 327 332 326 269 688 750
428 97 172 10 134 229 650 221 214 174 193
429 6 126 474 267 324 268 918 507 323 13
430 287 257 327 312 332 288 300 677 267 309
431 124 24 596 146 297 126 8 254 747 474
432 257 287 312 288 99 299 126 326 270 323
433 0 283 24 596 281 1027 741 404 116 1046
434 78 97 287 201 230 558 54 76 234 741
435 201 55 392 450 221 87 401 69 209 780
436 7 195 209 201 63 530 134 381 174 21
437 24 274 221 124 116 293 275 110 299 741
438 49 257 293 285 180 8 126 0 24 116
439 268 285 302 305 300 301 267 304 886 899
440 257 299 747 327 285 244 49 322 677 332
441 49 95 182 171 232 163 257 199 1 126
442 287 301 299 323 271 267 327 244 269 345
443 301 287 300 339 318 326 749 267 689 332
444 257 293 285 249 0 128 306 23 92 454
445 257 299 312 332 288 339 271 749 314 309
446 49 126 281 236 249 272 627 124 470 23
447 689 345 269 271 312 241 346 305 310 287
448 123 92 220 6 318 9 128 115 149 274
449 68 422 7 21 731 185 227 403 233 71
450 257 989 747 309 688 312 338 343 749 357
451 356 97 171 526 473 55 209 510 479 152
452 120 221 0 404 117 95 143 126 545 402
453 131 526 63 167 126 510 215 204 497 587
454 257 116 293 150 78 285 171 215 110 209
455 55 10 63 6 88 95 203 317 194 155
456 97 0 422 201 68 87 70 152 237 207
457 99 275 6 507 149 136 257 63 514 274
458 293 256 236 117 124 404 287 126 470 150
459 318 474 267 268 8 282 115 12 812 18
460 285 299 267 288 287 314 300 339 327 244
461 257 293 747 327 244 321 332 285 342 49
462 285 8 292 274 180 293 254 245 297 741
463 312 49 244 303 267 270 322 326 309 99
464 482 478 126 479 513 483 203 196 182 184
465 750 357 271 299 270 342 285 244 878 258
466 285 180 293 8 507 128 236 120 324 146
467 275 126 63 203 150 236 8 78 116 167
468 477 478 479 513 660 614 603 481 169 527
469 123 13 274 126 236 268 14 120 297 324
470 70 14 180 20 431 945 415 117 120 621
471 49 384 95 553 264 61 21 143 201 450
472 285 474 257 284 99 268 149 220 12 223
473 426 55 132 152 184 142 27 0 484 189
474 299 268 293 287 271 301 288 339 327 300
475 69 721 738 1040 401 574 209 160 402 48
476 273 110 277 65 948 691 274 761 735 715
477 55 180 120 203 173 422 209 95 63 96
478 55 97 190 131 233 6 68 193 63 526
479 97 55 193 172 285 180 483 473 133 317
480 173 167 482 356 55 171 210 422 193 526
481 299 257 285 293 321 322 312 309 332 325
482 257 293 21 24 14 126 99 514 6 227
483 120 209 171 117 422 160 287 126 99 741
484 299 257 301 689 339 314 332 271 326 749
485 99 293 292 306 49 245 268 324 327 24
486 209 404 21 10 172 203 117 150 227 312
487 173 55 126 193 422 203 434 131 194 78
488 306 299 327 689 894 878 687 335 881 989
489 275 507 12 247 128 120 146 13 24 287
490 275 13 268 274 49 8 136 267 301 241
491 602 169 356 190 479 49 473 483 426 179
492 293 285 312 747 63 275 236 143 215 27
493 126 274 257 275 299 514 268 256 116 317
494 209 392 98 96 553 163 21 214 442 587
495 209 78 422 68 264 81 195 152 233 214
496 225 49 143 120 264 116 171 553 183 545
497 99 6 199 208 653 179 317 197 285 237
498 173 171 257 602 285 21 293 268 196 134
499 126 221 12 13 149 507 627 190 247 545
500 49 741 275 257 0 8 272 149 245 249
501 747 325 322 327 331 688 681 306 244 537
502 190 178 85 237 179 82 8 482 210 7
503 567 587 422 160 120 738 691 167 264 227
504 180 172 167 221 94 215 317 120 99 116
505 171 203 21 97 264 152 88 587 227 195
506 257 293 325 258 306 321 331 285 300 242
507 55 173 78 49 88 63 185 27 196 186
508 293 312 747 332 285 327 244 270 268 322
509 747 327 325 306 331 681 342 878 326 303
510 257 747 325 306 331 322 327 244 342 326
511 99 287 180 173 293 126 171 97 95 78
512 120 0 6 293 287 236 596 124 741 14
513 55 99 97 285 237 126 221 7 152 194
514 332 325 331 330 300 303 258 326 244 688
515 99 0 173 126 293 257 317 7 426 14
516 293 287 288 120 327 180 747 116 244 322
517 236 281 741 14 49 404 110 180 292 596
518 894 306 681 688 325 299 357 881 345 749
519 257 287 327 747 236 14 312 244 321 322
520 180 173 78 209 293 0 194 256 203 126
521 173 97 182 55 473 186 193 602 184 482
522 87 274 273 201 236 708 282 844 735 691
523 173 134 152 7 317 55 68 426 133 201
524 49 180 116 6 293 741 221 281 470 8
525 257 285 288 244 312 267 321 326 303 320
526 97 653 174 22 482 88 133 47 193 317
527 171 97 194 131 203 233 356 95 88 21
528 299 747 312 332 288 306 300 689 301 677
529 180 293 221 285 126 317 236 209 68 0
530 257 306 312 325 293 327 332 300 681 342
531 293 287 747 257 750 173 49 677 327 270
532 116 110 6 172 55 27 63 69 167 7
533 596 117 287 180 49 99 281 122 256 257
534 190 196 317 134 178 49 133 179 68 473
535 172 185 87 180 27 98 207 195 63 21
536 55 88 301 461 482 11 602 530 172 526
537 173 203 49 63 185 356 193 175 88 196
538 13 190 317 69 581 85 508 82 461 735
539 236 120 275 116 24 126 287 274 254 288
540 93 203 98 450 94 160 500 691 567 68
541 49 0 221 173 215 172 78 150 110 152
542 167 208 172 63 152 99 194 171 432 181
543 299 747 244 332 306 300 677 321 689 314
544 55 194 448 226 384 49 185 187 61 183
545 677 747 322 299 323 759 332 325 306 116
546 268 285 299 287 271 749 689 293 244 747
547 287 293 126 299 327 267 324 249 323 507
548 124 404 221 116 14 256 470 257 150 6
549 677 257 325 321 244 116 14 256 242 117
550 209 95 257 0 384 567 256 545 402 227
551 0 596 545 257 677 110 299 475 762 1027
552 482 193 49 133 184 653 203 182 356 704
553 49 180 116 24 256 209 126 470 171 6
554 99 285 293 0 236 126 275 221 256 8
555 285 268 99 49 482 97 513 257 55 356
556 285 257 301 312 332 747 323 318 339 327
557 241 284 220 275 739 223 318 12 8 9
558 171 55 95 21 78 49 97 167 356 172
559 49 275 474 8 236 256 123 120 149 507
560 88 196 68 184 175 186 432 10 181 189
561 209 171 194 422 167 233 68 21 63 81
562 120 221 116 404 293 299 287 0 110 87
563 287 257 747 677 293 325 327 321 306 258
564 115 284 13 44 136 581 274 1120 18 85
565 173 215 55 167 27 49 131 171 495 152
566 653 97 198 506 55 196 704 660 63 487
567 653 169 513 479 512 133 481 656 506 704
568 274 180 126 281 292 287 741 470 254 149
569 299 293 312 268 327 332 326 267 321 271
570 513 482 479 522 478 426 481 660 510 473
571 274 285 320 257 275 254 236 14 115 99
572 482 99 356 63 317 97 180 473 0 602
573 285 312 304 300 749 267 306 310 305 311
574 173 99 257 356 171 0 55 285 63 182
575 0 99 126 257 221 285 120 299 116 24
576 180 120 93 49 96 401 587 194 450 221
577 747 312 332 299 327 321 306 357 750 285
578 49 293 180 69 299 7 126 27 173 221
579 287 116 677 117 236 256 327 321 244 741
580 285 13 115 123 318 507 267 136 241 149
581 116 0 117 293 99 741 146 545 126 297
582 55 97 317 179 173 178 602 237 99 182
583 227 49 21 264 180 172 173 194 78 175
584 511 284 13 752 1621 512 241 1193 1067 220
585 55 78 97 116 6 52 221 1 67 88
586 327 301 345 750 244 291 321 298 897 343
587 87 215 691 49 69 65 731 195 94 167
588 747 327 268 325 244 301 689 314 309 331
589 24 49 292 282 812 268 0 110 318 507
590 13 49 196 508 581 691 152 110 282 68
591 285 6 126 268 747 299 297 514 320 12
592 120 0 87 221 180 110 150 201 27 273
593 274 268 99 282 8 275 320 257 288 299
594 0 124 117 6 116 99 275 256 404 24
595 747 327 285 49 244 99 321 325 6 288
596 257 256 287 747 285 236 120 221 8 99
597 299 314 287 747 325 300 327 681 301 271
598 124 596 117 293 120 14 0 677 545 741
599 81 78 565 54 577 233 172 567 97 143
600 0 99 422 194 116 215 6 78 14 27
601 287 257 299 322 327 244 321 325 312 285
602 257 49 227 78 209 194 287 81 299 55
603 671 97 435 218 446 673 674 52 287 180
604 49 180 257 0 221 256 288 6 274 747
605 0 741 126 97 234 545 275 596 78 239
606 285 13 268 18 282 508 318 513 284 115
607 190 196 193 495 172 133 526 513 152 178
608 747 299 332 306 244 327 325 321 331 357
609 173 180 257 285 99 21 299 203 167 172
610 257 301 326 747 269 689 271 331 244 293
611 49 180 120 293 150 814 470 124 288 844
612 285 274 99 190 173 180 13 299 495 268
613 120 236 14 124 281 470 117 49 180 110
614 285 317 268 49 196 85 482 581 173 63
615 293 306 244 331 326 270 301 681 258 750
616 673 199 319 550 217 444 602 440 175 378
617 173 55 87 185 221 171 152 207 143 404
618 55 747 677 171 221 750 78 230 357 229
619 116 404 596 545 6 221 251 49 471 741
620 209 293 287 81 404 194 55 78 549 257
621 227 70 160 87 78 72 185 264 229 171
622 173 97 0 99 172 171 167 236 422 356
623 288 120 297 321 8 300 324 281 221 507
624 49 97 0 193 196 126 317 63 434 7
625 299 244 321 300 326 325 301 268 270 677
626 55 78 97 49 201 185 203 63 172 215
627 268 312 285 747 300 327 288 271 244 309
628 312 180 288 317 55 126 0 221 747 78
629 404 150 470 281 545 146 762 747 677 1027
630 257 287 299 268 301 747 339 326 689 327
631 209 172 68 21 227 264 175 229 221 88
632 180 99 49 173 95 199 293 184 10 181
633 180 256 293 110 150 283 297 545 146 254
634 257 285 287 288 244 321 312 332 267 49
635 275 49 14 285 236 13 180 24 474 110
636 275 14 116 257 741 126 283 287 297 221
637 55 209 78 21 172 422 567 404 0 225
638 735 85 508 513 13 948 210 284 68 427
639 257 293 287 215 299 49 180 27 175 171
640 285 268 164 602 169 478 190 530 44 165
641 392 120 160 117 1034 401 780 180 691 221
642 173 78 171 209 182 95 233 201 175 96
643 287 677 244 331 124 312 309 285 686 300
644 55 184 11 602 22 203 237 181 193 186
645 306 747 327 287 325 258 332 300 749 293
646 49 180 0 173 422 171 117 68 126 209
647 49 143 227 404 175 81 163 185 99 596
648 124 117 256 236 404 741 221 596 150 293
649 173 264 131 172 88 175 152 70 210 442
650 318 268 320 257 299 288 302 301 300 312
651 257 747 312 327 321 180 49 677 325 120
652 209 78 95 264 567 171 143 172 68 182
653 126 236 404 6 24 14 63 190 285 234
654 58 60 136 381 461 196 317 651 9 12
655 257 312 339 299 287 314 304 267 689 332
656 257 49 287 99 275 180 6 236 267 288
657 123 126 11 173 63 473 190 356 507 179
658 55 167 209 193 434 482 21 190 131 654
659 209 180 422 171 78 172 228 120 68 549
660 49 55 97 203 21 482 495 434 126 99
661 474 13 8 236 99 123 115 282 252 220
662 293 256 297 249 146 221 590 281 117 627
663 173 203 317 184 134 99 182 175 356 180
664 120 221 236 117 24 741 470 287 275 257
665 49 99 482 356 21 68 210 22 0 11
666 285 173 49 63 257 172 190 55 513 99
667 312 747 244 750 677 321 180 314 301 326
668 285 293 312 99 287 288 303 271 270 747
669 482 603 356 495 203 135 477 434 513 422
670 54 10 229 182 226 163 1 194 664 173
671 236 8 120 12 0 275 124 125 110 470
672 301 312 339 288 689 318 305 270 304 320
673 257 180 747 327 236 99 258 285 321 325
674 339 267 301 268 318 241 271 689 300 1021
675 293 300 285 271 357 322 345 326 339 332
676 293 257 287 116 327 99 120 49 180 321
677 120 99 470 8 150 283 12 844 254 475
678 171 209 172 97 317 422 78 194 215 21
679 49 236 0 180 274 126 6 282 474 110
680 299 301 300 306 312 268 332 331 747 269
681 116 287 117 402 173 143 160 229 0 549
682 257 345 287 749 326 750 314 346 309 342
683 404 24 221 450 738 70 392 209 731 68
684 267 257 302 287 305 299 300 312 689 288
685 317 182 193 482 174 95 190 602 88 167
686 257 285 327 293 288 322 268 332 300 321
687 299 688 332 747 322 894 312 341 257 327
688 180 0 293 257 287 116 236 99 741 126
689 392 160 402 366 65 731 691 96 68 95
690 173 182 171 478 482 175 233 356 473 133
691 0 236 120 49 150 110 180 14 256 124
692 49 203 171 167 193 27 172 209 134 88
693 193 204 132 203 704 434 171 356 426 135
694 301 257 268 285 339 326 689 302 749 332
695 271 268 285 257 302 749 288 315 300 299
696 257 99 116 677 236 321 288 244 596 275
697 173 434 356 495 126 133 497 135 317 97
698 6 474 285 116 507 256 292 236 293 545
699 97 203 171 55 63 194 175 356 68 209
700 285 268 257 300 320 293 318 287 241 747
701 270 677 327 322 271 325 688 750 314 894
702 120 99 14 741 124 126 297 404 150 281
703 193 173 482 704 481 510 426 356 133 478
704 180 229 160 116 587 422 95 203 228 55
705 116 299 120 747 221 126 285 236 256 327
706 284 274 970 508 511 212 69 706 241 461
707 293 14 256 285 287 180 288 275 221 116
708 97 175 183 184 442 225 16 143 287 664
709 257 285 287 293 55 97 270 172 301 99
710 69 274 87 581 236 0 96 381 14 150
711 450 392 203 69 160 370 185 1040 238 142
712 271 257 689 345 302 299 315 287 338 300
713 124 117 221 24 741 256 293 99 287 126
714 55 49 120 209 143 97 99 150 172 194
715 203 131 497 134 434 167 97 7 70 209
716 257 120 180 0 256 322 244 288 6 312
717 124 293 596 287 236 0 116 180 257 256
718 14 110 0 150 24 180 274 221 470 273
719 304 302 299 271 300 269 339 689 310 749
720 312 747 271 750 300 270 268 321 309 342
721 49 180 120 0 293 287 116 257 14 124
722 49 180 285 268 317 299 99 293 287 126
723 331 688 330 293 894 322 301 269 750 337
724 49 293 268 287 747 288 267 312 275 327
725 124 677 747 293 596 180 327 14 325 244
726 55 221 229 95 567 225 384 217 143 97
727 49 0 180 8 150 120 274 110 275 285
728 257 258 314 342 322 749 244 325 285 270
729 293 287 285 0 288 126 120 244 312 221
730 482 173 495 97 603 478 614 317 422 132
731 268 257 300 241 332 318 301 287 302 327
732 275 474 8 99 92 24 115 457 14 812
733 49 482 0 180 356 193 426 63 167 479
734 49 293 287 299 236 274 126 14 267 120
735 8 236 99 474 297 275 6 507 257 123
736 55 97 173 99 49 317 356 203 178 482
737 49 203 97 81 233 27 131 434 193 10
738 173 293 312 21 49 257 271 97 209 190
739 257 312 300 267 689 320 332 309 244 326
740 209 221 167 160 185 171 0 96 27 78
741 120 126 293 287 275 285 256 8 404 24
742 285 257 241 318 312 327 332 747 244 321
743 99 285 180 268 97 257 317 173 474 293
744 49 171 356 317 126 190 422 473 55 167
745 173 209 194 175 264 97 21 227 233 172
746 190 526 173 196 193 133 478 203 510 99
747 97 171 203 167 190 99 196 422 78 126
748 587 49 173 422 70 180 567 203 142 264
749 257 312 332 288 326 306 689 325 301 331
750 209 172 203 21 654 171 201 257 422 7
751 268 749 332 314 681 267 302 331 688 337
752 171 126 317 479 257 97 99 190 172 182
753 124 120 293 256 677 257 49 470 244 0
754 257 285 327 312 332 300 306 291 331 325
755 49 221 171 173 567 81 21 55 6 203
756 173 171 293 402 227 81 54 567 203 233
757 312 21 180 78 173 209 88 10 181 95
758 293 287 180 747 49 236 14 322 124 288
759 150 236 120 96 293 0 221 14 117 70
760 116 120 596 124 256 117 99 6 747 150
761 268 285 13 274 320 257 318 267 241 288
762 63 317 190 178 215 171 203 11 193 78
763 49 180 221 24 470 150 256 126 6 762
764 268 275 99 8 115 123 474 318 267 282
765 131 193 55 203 171 194 483 95 142 479
766 602 173 356 524 513 49 479 193 473 317
767 236 14 293 180 221 257 285 99 254 8
768 0 236 124 117 24 221 741 180 596 275
769 285 293 99 267 275 126 244 8 268 256
770 49 69 299 285 268 24 172 99 110 190
771 257 293 327 747 244 285 288 332 300 268
772 41 155 1072 78 54 200 88 10 6 49
773 182 95 173 143 180 81 384 567 264 49
774 312 287 288 747 300 327 302 314 332 291
775 184 447 446 199 182 636 55 572 673 669
776 49 180 317 173 221 190 120 209 68 257
777 95 209 402 172 167 180 21 175 49 171
778 49 0 120 293 116 236 99 150 24 126
779 173 49 482 193 180 55 99 513 478 479
780 49 55 97 293 171 356 78 299 6 268
781 306 331 887 332 327 260 299 326 876 987
782 747 293 312 325 331 244 681 322 285 291
783 299 747 287 288 244 300 689 301 293 321
784 257 49 173 172 171 175 285 293 317 268
785 49 0 173 7 209 172 96 99 167 150
786 312 287 300 269 339 326 285 271 331 681
787 49 95 180 171 422 21 209 264 384 175
788 275 99 6 274 149 123 13 12 236 24
789 120 87 450 117 203 93 209 160 201 567
790 257 293 312 747 332 301 267 322 306 309
791 116 49 117 14 180 124 404 741 283 236
792 99 146 474 6 110 124 0 741 236 116
793 99 257 267 275 282 13 507 287 236 320
794 55 78 209 97 143 81 49 10 221 175
795 203 87 422 78 654 264 194 215 81 567
796 287 257 293 312 322 677 321 244 325 288
797 738 401 14 110 392 139 62 419 370 400
798 268 299 293 602 99 126 320 301 482 180
799 257 287 49 0 747 285 120 99 180 116
800 257 747 312 244 331 322 321 342 878 677
801 287 183 199 182 636 332 218 435 312 681
802 299 257 312 300 288 327 301 318 332 293
803 173 49 78 229 160 97 95 131 68 96
804 180 78 209 203 172 97 10 99 185 120
805 78 173 99 10 63 126 21 95 317 172
806 587 422 49 229 227 519 131 448 567 94
807 257 268 747 327 267 326 300 288 339 314
808 287 299 293 268 332 244 49 321 326 322
809 257 747 327 244 301 288 321 326 322 306
810 287 244 327 312 321 332 325 268 309 258
811 299 257 332 322 312 321 306 258 331 681
812 299 747 287 322 677 325 327 688 306 686
813 636 435 572 97 233 443 669 287 182 446
814 203 70 142 209 264 587 167 96 526 194
815 299 747 327 332 322 306 677 244 894 681
816 287 293 180 49 116 120 299 99 677 285
817 257 287 312 268 306 339 332 326 300 269
818 285 268 257 288 300 312 287 269 323 324
819 257 299 293 327 285 332 268 271 244 322
820 49 236 221 150 126 470 24 110 256 8
821 257 747 293 0 287 299 327 312 244 258
822 55 203 49 167 173 78 180 182 237 175
823 299 257 747 327 244 689 332 312 306 309
824 117 120 596 146 281 99 404 126 0 236
825 81 209 61 549 226 21 78 28 95 1
826 299 285 268 287 293 747 332 327 314 288
827 318 267 241 58 302 136 115 304 284 1193
828 285 282 136 275 268 85 49 8 284 126
829 173 78 422 233 167 227 567 142 172 120
830 293 285 312 288 268 321 270 301 267 300
831 287 299 747 332 677 288 306 331 49 242
832 11 233 199 178 446 175 174 88 78 10
833 285 299 180 288 275 236 0 8 747 120
834 173 190 134 203 193 131 63 171 97 99
835 186 178 97 513 174 197 481 285 356 478
836 110 8 0 120 49 254 99 284 221 13
837 49 0 257 221 173 293 126 268 287 256
838 8 292 99 123 14 12 0 126 297 124
839 173 317 356 434 203 49 210 426 602 178
840 257 312 327 293 326 244 321 325 301 681
841 301 285 257 339 749 300 689 299 345 326
842 233 199 180 171 88 49 422 229 209 167
843 173 293 203 171 78 287 95 172 256 27
844 681 306 339 269 332 287 285 304 257 331
845 203 96 173 209 160 194 81 97 434 87
846 180 49 99 0 116 55 239 126 97 221
847 482 131 167 173 426 193 172 7 434 190
848 49 180 0 70 293 68 422 116 117 209
849 49 422 182 434 97 193 194 482 264 0
850 287 293 677 596 116 6 180 117 357 322
851 116 0 287 257 120 221 293 747 236 741
852 332 312 306 321 681 288 309 342 303 689
853 180 0 275 120 507 150 741 221 24 281
854 169 922 513 58 512 212 511 191 18 11
855 299 747 287 327 285 293 244 268 288 300
856 285 288 268 318 241 287 267 300 303 321
857 257 287 299 293 312 747 244 332 327 301
858 236 120 92 1047 149 150 124 814 283 755
859 268 287 257 241 314 318 267 327 339 69
860 285 318 136 268 69 581 267 241 380 115
861 97 6 233 0 173 221 184 88 175 95
862 306 301 343 749 330 299 271 346 894 688
863 194 81 402 264 203 78 227 229 185 173
864 0 180 49 741 14 256 221 99 117 257
865 285 268 302 257 288 267 300 339 689 310
866 55 99 171 203 190 88 126 131 193 233
867 173 78 171 143 384 54 167 81 185 10
868 236 120 254 8 124 275 0 99 256 470
869 97 654 167 69 172 181 317 233 203 152
870 287 268 285 293 299 747 270 315 267 332
871 293 677 120 124 299 256 180 116 14 221
872 287 285 747 312 327 268 288 321 332 301
873 285 268 274 257 49 318 99 267 241 136
874 317 55 99 178 602 285 186 126 169 268
875 99 285 49 11 13 55 268 474 602 97
876 288 49 172 312 293 99 287 55 180 530
877 190 659 87 513 482 85 172 236 82 96
878 49 120 180 470 24 117 404 124 741 116
879 293 120 230 549 239 384 0 747 209 37
880 209 180 55 171 68 78 95 0 21 143
881 180 0 120 587 150 404 173 209 545 741
882 257 55 268 99 301 267 312 13 197 530
883 285 13 318 284 136 288 241 267 320 123
884 392 65 691 93 215 203 68 731 738 201
885 55 78 10 180 366 182 209 32 38 41
886 408 120 150 117 755 20 124 819 404 70
887 284 274 275 530 123 8 318 24 99 85
888 180 173 97 178 41 209 237 317 95 181
889 55 184 131 233 172 264 49 482 209 495
890 8 274 120 180 12 275 0 150 99 221
891 209 203 55 180 97 167 68 182 78 95
892 6 120 180 287 117 221 99 256 49 741
893 285 267 339 241 320 300 302 288 324 123
894 120 0 236 99 14 221 126 257 293 256
895 55 180 171 194 95 78 175 209 99 182
896 173 180 422 209 98 120 95 167 78 97
897 257 268 312 301 332 293 267 288 327 300
898 180 97 173 209 55 0 172 422 221 27
899 180 99 49 6 126 514 275 116 221 0
900 49 221 120 0 209 203 116 587 317 150
901 285 287 99 126 747 268 288 327 244 312
902 6 10 49 474 116 11 627 128 409 149
903 110 236 948 274 14 69 87 24 380 273
904 293 287 49 99 180 285 120 0 116 747
905 8 0 49 123 285 180 126 507 236 149
906 0 110 275 14 236 8 120 49 24 150
907 182 173 473 602 171 99 49 479 482 233
908 268 318 284 241 320 136 18 267 301 123
909 49 180 0 293 257 6 126 285 275 120
910 49 180 172 171 7 194 426 135 182 479
911 97 173 356 190 513 133 186 63 473 182
912 55 49 171 167 21 180 99 194 186 317
913 69 948 380 777 1040 731 65 715 738 48
914 257 285 747 268 288 321 322 293 300 244
915 180 78 68 97 173 63 96 126 201 195
916 14 99 8 236 0 120 274 110 12 150
917 85 508 196 190 482 477 461 69 82 317
918 257 287 293 120 180 0 24 275 221 236
919 287 312 257 332 749 747 326 306 293 268
920 120 404 49 150 117 221 116 236 110 596
921 180 203 422 81 120 229 78 227 96 87
922 293 257 49 120 299 747 677 322 596 221
923 49 99 514 180 21 221 275 317 7 8
924 287 257 293 299 747 357 327 312 244 270
925 257 268 312 293 301 327 267 326 747 300
926 120 404 110 24 116 0 180 49 117 470
927 257 287 293 299 267 268 99 49 747 750
928 97 49 602 171 55 172 182 356 167 180
929 0 49 180 236 99 14 293 221 257 116
930 285 299 320 288 293 318 312 300 327 241
931 473 529 184 429 518 653 167 55 196 658
932 55 95 203 185 217 175 173 194 10 567
933 185 97 172 203 68 171 401 434 210 738
934 14 0 124 116 49 24 117 180 404 221
935 285 275 257 292 123 12 6 99 149 247
936 285 318 268 320 123 13 115 99 288 275
937 120 117 116 596 49 236 0 741 293 6
938 124 747 596 293 677 117 299 327 686 287
939 285 49 257 312 268 190 356 126 293 97
940 49 99 293 287 120 126 221 249 275 117
941 173 257 293 299 271 285 602 317 198 356
942 78 49 55 402 221 120 173 232 229 160
