3 332 312 747 244 322 750 342 271 285 878
8 268 288 99 299 312 317 257 301 318 274
16 49 275 180 257 14 287 274 126 120 299
18 285 55 268 99 97 49 299 293 172 288
26 6 180 116 0 256 126 275 272 146 545
32 287 299 747 325 331 321 330 258 288 357
33 299 257 287 327 332 300 268 747 306 312
34 287 293 322 312 306 244 288 309 285 688
35 299 257 327 301 285 326 331 330 876 312
38 285 301 339 287 327 302 288 689 326 318
45 257 285 321 325 322 303 300 677 258 288
46 299 318 312 241 332 327 293 689 747 244
49 257 6 49 149 292 299 13 247 320 126
50 173 97 55 482 356 203 182 422 78 184
54 6 221 0 126 293 287 99 257 545 741
60 287 312 244 325 285 321 878 306 258 314
77 257 299 285 747 0 110 327 49 8 14
85 332 747 312 689 306 300 325 330 309 291
87 268 339 257 332 309 271 327 291 269 315
92 236 110 24 49 470 180 404 273 254 755
97 196 49 482 426 514 285 173 212 82 268
104 299 293 327 300 288 244 314 345 346 750
106 293 747 300 327 271 288 689 314 244 269
110 299 318 267 287 749 689 269 326 288 346
119 49 180 99 293 221 6 117 299 287 470
123 55 182 180 88 175 233 203 209 193 126
126 312 322 677 327 271 878 314 268 244 750
131 99 474 180 178 190 530 6 193 513 275
132 301 287 332 747 689 300 270 326 288 346
133 287 244 288 332 49 321 306 309 180 270
138 318 257 275 13 8 123 12 320 299 268
139 299 287 268 332 327 747 312 326 306 291
142 299 747 244 268 270 301 677 288 309 326
145 285 689 287 302 332 747 749 267 309 269
146 285 301 299 302 287 310 346 306 271 267
152 287 221 299 97 285 0 99 312 172 6
154 299 257 268 332 312 244 300 321 288 301
162 312 293 49 301 173 288 99 180 326 267
165 332 244 325 288 677 258 309 270 268 306
169 299 747 331 330 312 306 288 878 309 688
201 49 173 180 602 482 126 99 97 478 513
204 287 293 244 322 300 309 301 331 291 320
211 136 478 482 49 173 513 602 133 473 169
219 301 312 327 747 326 320 689 244 269 303
224 173 483 49 198 422 478 356 204 482 133
227 268 257 301 293 267 339 288 602 318 172
230 14 236 293 124 221 24 256 116 99 287
239 257 327 332 285 293 325 309 314 326 689
240 257 327 332 747 268 285 322 244 325 314
241 257 285 287 318 275 8 274 320 288 268
244 120 0 117 14 404 110 256 124 236 741
246 285 257 293 288 312 287 747 327 274 180
251 123 507 149 12 49 282 241 284 236 257
257 299 244 321 268 258 300 303 325 306 681
259 306 327 301 331 330 326 293 345 749 894
260 299 327 322 257 677 332 306 312 331 309
265 268 257 241 299 99 288 49 8 293 115
272 268 285 301 257 299 300 749 305 267 288
277 301 299 267 271 326 270 339 302 332 689
280 299 327 747 312 244 306 285 677 258 291
281 312 285 327 300 747 244 288 689 271 325
288 117 180 116 49 596 236 545 256 471 239
299 747 322 677 332 325 244 306 257 258 331
301 299 287 332 312 325 331 285 677 330 268
303 257 747 288 322 244 677 332 325 303 300
308 268 327 291 300 287 747 288 312 293 301
309 247 0 474 285 236 110 741 507 150 24
316 257 293 332 342 331 326 306 309 894 681
318 287 257 299 285 326 327 747 689 293 271
334 293 285 325 326 301 330 288 300 271 303
340 331 332 325 306 299 747 327 880 257 322
352 287 312 293 301 747 268 306 689 322 288
354 332 257 747 331 326 300 689 330 267 303
355 287 244 300 322 288 268 689 258 331 301
361 325 677 285 288 258 306 342 878 270 300
363 299 257 327 300 747 332 312 244 322 291
368 257 268 301 287 285 299 293 312 326 332
383 257 287 285 314 293 268 309 244 321 306
385 180 0 741 287 293 256 236 257 249 124
399 312 288 332 244 301 321 325 309 326 314
407 268 332 689 300 288 244 339 749 322 342
409 287 300 332 301 309 293 244 271 326 749
413 285 268 312 327 332 326 270 267 288 244
414 285 49 173 180 602 97 126 99 287 171
417 269 339 306 293 346 285 270 271 750 689
430 287 257 327 332 312 288 300 325 677 270
440 299 257 747 327 244 322 332 49 285 677
442 287 301 299 271 323 327 269 689 267 244
443 287 301 300 339 318 267 326 749 293 332
460 285 299 288 267 300 287 314 327 339 244
470 70 180 14 431 415 621 20 117 632 120
474 299 268 293 301 288 287 271 300 327 339
481 299 257 293 285 312 332 322 321 309 303
484 299 257 301 689 332 339 314 271 267 309
508 293 312 285 332 747 327 270 268 244 322
510 257 747 327 331 306 325 322 244 342 330
511 99 180 126 97 173 287 171 11 293 186
512 120 0 6 293 236 287 596 257 256 14
515 0 99 257 293 173 426 126 317 14 7
519 287 257 747 327 244 312 322 321 236 14
530 257 312 327 332 293 306 325 300 309 342
543 299 747 332 244 677 268 321 314 288 306
546 268 299 285 287 271 689 749 293 326 309
548 221 404 124 116 256 14 257 545 293 6
557 241 284 739 220 275 223 318 8 12 99
562 120 221 404 116 110 293 0 287 299 14
569 299 268 312 293 327 332 326 267 271 321
570 513 478 479 482 481 522 426 660 473 653
571 274 285 320 254 275 257 241 14 236 49
574 173 257 99 171 285 356 55 0 182 63
577 747 332 312 327 299 321 306 750 357 309
580 285 13 115 123 507 318 241 257 267 136
582 55 97 317 602 173 172 179 186 196 178
583 227 49 21 264 180 173 172 194 95 567
593 274 99 268 282 8 275 257 288 320 0
595 747 327 244 49 285 332 325 288 321 99
597 299 327 287 747 314 270 309 300 325 332
601 287 257 299 327 322 244 325 312 332 321
603 671 97 218 435 446 52 673 674 287 180
608 299 747 332 327 306 288 244 357 331 322
611 49 180 293 120 150 288 99 124 126 814
612 285 99 180 274 14 13 173 190 299 221
625 299 300 244 321 268 270 301 330 325 677
627 268 285 327 312 747 300 288 309 244 303
630 257 299 287 268 327 301 747 332 326 314
634 257 287 285 244 288 312 332 321 267 303
635 49 285 14 275 236 180 110 474 24 6
645 327 747 287 332 306 258 293 325 322 300
648 236 117 124 256 741 404 221 596 8 150
650 318 268 257 320 299 288 302 301 300 274
651 257 747 327 312 321 180 677 49 0 325
655 312 257 299 339 287 267 270 314 332 318
656 257 49 287 99 275 180 236 6 126 116
661 474 13 8 236 123 99 115 241 149 220
671 236 8 120 12 0 124 110 125 275 180
672 312 301 288 339 689 270 318 747 244 320
674 268 267 339 318 301 689 241 271 300 749
677 120 99 8 470 150 283 12 124 256 254
680 299 312 301 306 300 332 268 747 749 331
684 267 257 287 299 302 312 300 305 261 332
686 257 327 322 293 285 332 288 321 268 300
687 299 332 327 322 312 747 688 257 341 894
690 173 478 482 182 171 356 133 172 473 186
694 257 268 301 285 326 327 332 339 689 749
695 268 271 285 257 288 302 300 299 749 315
699 171 203 97 55 63 194 0 68 175 482
700 285 268 257 300 293 320 287 318 747 301
701 270 322 677 327 325 894 271 688 314 750
705 116 120 299 221 747 236 126 256 404 285
719 304 302 299 271 300 339 310 269 326 318
721 49 180 0 120 116 293 287 14 257 256
722 49 285 180 317 268 299 99 293 287 126
724 49 293 268 287 288 747 241 0 318 275
725 747 293 124 677 327 596 244 180 299 14
727 49 180 0 8 110 6 221 120 150 274
728 257 314 322 258 342 270 244 325 749 285
731 268 257 300 287 312 302 327 301 332 318
735 8 99 236 507 297 116 249 747 257 545
736 55 97 173 49 99 317 356 482 203 190
739 257 312 300 332 244 689 309 322 267 320
741 120 126 293 287 256 8 285 275 24 404
742 285 257 241 318 312 327 244 332 747 303
743 99 97 180 285 317 268 257 474 514 513
753 124 293 120 256 49 470 0 677 257 545
758 293 287 747 236 180 49 322 14 244 124
761 268 13 285 318 320 257 241 267 274 287
764 8 275 268 99 123 474 115 318 12 282
768 0 236 124 221 117 24 596 287 741 180
771 257 293 327 747 244 285 332 288 300 268
774 312 287 327 300 314 332 747 302 288 339
776 49 317 180 173 190 221 69 68 120 63
778 49 0 120 236 116 99 293 150 24 124
782 312 293 747 331 325 244 301 322 681 285
783 299 747 287 244 321 293 288 300 689 303
784 257 49 171 173 172 175 285 317 293 97
788 275 99 6 149 274 236 12 245 257 123
790 257 293 747 312 332 322 267 301 303 320
793 99 257 13 282 267 275 236 320 287 507
796 287 293 257 322 312 677 321 244 332 288
798 268 299 602 136 320 99 513 301 482 123
799 257 287 0 49 747 99 120 285 180 236
800 257 747 312 244 331 322 321 677 342 878
802 299 257 300 312 288 318 301 327 267 287
807 257 268 327 747 267 326 300 288 314 321
808 287 299 293 268 332 49 244 300 326 322
809 257 327 747 244 322 321 301 306 288 309
810 287 327 244 312 332 321 268 309 325 301
811 299 257 332 322 312 321 306 331 258 309
812 299 287 747 322 677 332 327 325 688 257
813 636 669 97 435 443 572 233 446 378 440
815 299 327 747 332 322 306 677 894 270 244
816 287 293 180 49 116 299 99 120 256 677
817 287 257 312 268 326 306 332 339 271 749
818 285 268 300 257 288 269 312 287 323 305
819 299 257 327 293 332 285 268 244 322 271
821 257 747 293 0 287 299 327 116 844 312
823 299 257 747 327 244 332 312 318 268 689
826 299 268 285 287 293 327 332 747 288 314
831 287 299 747 332 677 288 331 303 306 49
836 110 8 0 125 120 49 254 99 814 221
840 312 257 327 293 268 326 244 321 301 750
841 301 257 285 749 326 339 689 299 300 314
844 681 339 332 287 306 326 257 269 285 304
848 0 180 49 293 70 117 422 68 116 150
854 169 922 513 58 212 512 13 18 268 602
855 299 287 327 747 293 285 268 244 332 270
856 285 318 287 288 268 303 241 301 300 244
857 287 257 299 293 312 332 327 244 747 301
858 236 92 1047 120 814 273 124 863 149 755
860 285 581 318 267 136 268 69 380 241 305
865 285 268 302 257 267 288 300 339 310 689
868 236 254 120 124 8 475 275 256 470 99
872 287 285 268 312 327 301 747 288 332 689
873 285 268 49 274 257 99 318 136 267 8
875 99 13 285 11 49 602 55 474 513 97
878 49 120 180 470 124 117 404 110 24 741
883 285 13 136 318 284 288 267 241 123 282
887 274 284 275 530 123 305 8 85 318 14
890 8 274 12 120 180 275 0 254 99 150
894 120 99 0 236 221 126 14 256 6 257
897 257 268 312 301 332 293 267 327 326 288
899 180 99 49 6 514 126 221 116 275 282
901 287 285 99 747 126 244 0 268 6 221
903 110 948 236 274 14 69 87 380 268 285
904 287 293 49 99 285 180 747 0 120 116
905 8 0 49 123 507 180 126 236 285 149
908 268 318 284 320 241 18 136 302 301 267
909 49 180 0 293 6 257 126 285 275 120
911 97 173 356 513 473 133 186 190 602 182
913 69 380 948 777 274 731 65 14 236 1040
914 257 285 747 268 288 293 322 321 244 300
916 14 8 99 236 0 120 274 110 12 180
919 287 312 257 293 747 326 332 268 749 306
924 287 293 257 299 6 747 180 327 97 49
925 257 268 312 293 327 301 747 267 244 300
927 257 287 293 49 299 99 747 180 267 268
928 97 49 602 55 171 172 180 356 182 167
929 0 49 180 236 99 14 293 221 257 116
930 285 299 288 293 320 312 318 747 327 300
934 14 124 0 24 116 117 180 49 404 281
936 285 268 318 99 123 13 288 115 320 275
938 124 596 747 117 293 755 545 925 299 677
940 49 99 293 287 120 221 249 126 0 117
