0 536 267 496
1 700 130 78
2 39 283 610
3 667 152 618
4 37 416 253
5 359 473 320
6 649 59 325
7 196 465 618
8 232 779 122
9 311 405 473
10 456 377 578
11 785 780 162
12 275 424 129
13 51 22 513
14 633 323 636
15 63 214 300
16 734 149 833
17 320 84 311
18 578 873 231
19 297 553 896
20 254 366 545
21 544 496 647
22 642 537 822
23 537 575 747
24 297 312 715
25 705 431 31
26 702 402 724
27 813 708 367
28 672 106 328
29 667 819 897
30 28 328 798
31 25 741 688
32 615 852 782
33 172 694 154
34 509 169 852
35 450 610 125
36 216 465 471
37 471 393 101
38 283 484 146
39 228 427 283
40 685 370 153
41 300 592 553
42 592 553 629
43 300 553 214
44 707 100 437
45 438 323 276
46 219 897 283
47 90 5 508
48 275 302 591
49 226 525 469
50 370 214 487
51 539 13 836
52 402 80 25
53 358 688 741
54 563 346 385
55 471 108 483
56 346 688 116
57 326 536 298
58 405 473 307
59 649 307 311
60 334 588 771
61 93 456 268
62 78 623 633
63 252 214 487
64 186 209 592
65 539 688 437
66 356 100 433
67 721 688 181
68 444 591 492
69 274 289 43
70 375 513 747
71 747 744 370
72 747 70 22
73 399 633 412
74 346 904 688
75 326 591 200
76 780 464 747
77 323 524 734
78 459 788 1
79 747 780 798
80 524 713 688
81 698 279 373
82 629 222 641
83 250 688 390
84 473 311 17
85 354 450 754
86 496 124 683
87 146 39 409
88 578 638 360
89 84 536 238
90 262 168 224
91 221 373 290
92 167 713 437
93 681 404 292
94 310 193 59
95 96 552 311
96 685 113 349
97 186 739 207
98 25 790 524
99 488 586 350
100 356 551 347
101 544 345 393
102 553 487 763
103 623 323 716
104 413 106 352
105 270 590 467
106 132 569 104
107 412 167 894
108 300 708 726
109 319 55 345
110 283 655 694
111 283 427 615
112 172 33 265
113 552 96 236
114 295 401 13
115 591 205 283
116 56 688 98
117 367 616 366
118 550 486 415
119 230 705 440
120 16 70 295
121 337 638 663
122 491 70 382
123 745 214 349
124 173 86 21
125 586 610 488
126 701 482 336
127 400 592 310
128 283 694 719
129 275 434 550
130 1 700 78
131 342 656 570
132 106 809 872
133 440 808 399
134 374 351 547
135 873 213 322
136 601 688 34
137 320 747 473
138 636 732 412
139 754 857 634
140 551 716 163
141 722 864 106
142 783 914 528
143 295 177 359
144 254 129 12
145 427 751 38
146 38 110 283
147 535 201 24
148 283 655 39
149 16 734 721
150 307 311 473
151 42 592 683
152 487 747 328
153 40 780 231
154 172 46 33
155 491 736 572
156 276 140 25
157 670 599 465
158 506 237 395
159 497 457 268
160 839 629 866
161 56 215 248
162 672 780 569
163 167 579 395
164 284 23 413
165 588 204 528
166 617 410 699
167 163 713 551
168 328 90 487
169 509 528 34
170 283 39 228
171 390 743 13
172 33 754 154
173 392 151 587
174 297 76 780
175 623 103 219
176 296 248 104
177 458 346 56
178 586 205 862
179 64 23 207
180 485 594 633
181 67 679 375
182 126 637 214
183 17 84 150
184 238 534 665
185 465 331 129
186 839 747 64
187 300 197 631
188 307 84 5
189 422 25 293
190 110 283 573
191 364 571 559
192 800 98 789
193 294 310 845
194 786 670 49
195 475 246 590
196 599 465 618
197 212 300 780
198 175 754 440
199 471 289 704
200 386 326 536
201 555 747 212
202 579 399 852
203 359 283 162
204 754 361 729
205 862 450 751
206 377 93 143
207 638 711 590
208 364 130 78
209 537 631 785
210 60 701 90
211 614 747 227
212 487 349 464
213 135 295 873
214 370 747 487
215 452 284 322
216 36 618 196
217 351 360 314
218 881 668 695
219 46 106 569
220 267 550 68
221 392 681 641
222 458 551 629
223 121 85 571
224 262 90 744
225 322 295 135
226 623 472 78
227 211 739 747
228 655 39 283
229 312 300 262
230 437 713 119
231 70 747 213
232 491 747 473
233 307 311 453
234 84 89 238
235 400 609 763
236 747 337 464
237 440 707 716
238 534 311 473
239 840 588 350
240 361 281 872
241 598 627 596
242 17 127 710
243 335 592 313
244 664 55 44
245 108 416 708
246 700 767 219
247 291 349 248
248 284 176 296
249 293 790 808
250 688 177 51
251 742 525 149
252 63 152 487
253 806 199 289
254 545 20 366
255 108 726 279
256 128 459 731
257 409 588 239
258 833 70 284
259 488 318 751
260 506 601 673
261 553 42 664
262 312 487 90
263 832 386 378
264 431 702 167
265 734 650 635
266 416 267 804
267 302 416 275
268 307 428 560
269 421 366 367
270 473 400 453
271 685 521 644
272 546 132 106
273 230 763 437
274 289 312 69
275 302 129 12
276 633 25 323
277 328 104 672
278 302 496 416
279 221 392 748
280 810 852 739
281 588 569 807
282 691 578 629
283 170 655 110
284 328 248 296
285 333 415 350
286 284 662 23
287 573 162 359
288 533 648 402
289 199 274 297
290 302 91 275
291 247 349 566
292 428 560 338
293 623 189 500
294 193 372 310
295 359 833 328
296 104 569 284
297 329 312 76
298 326 89 536
299 509 643 163
300 43 108 483
301 852 172 430
302 275 267 290
303 323 257 688
304 326 534 408
305 1 568 130
306 24 69 43
307 59 311 150
308 33 172 426
309 769 323 749
310 94 193 300
311 59 307 473
312 649 325 229
313 392 641 221
314 321 351 382
315 798 122 747
316 852 32 361
317 270 449 173
318 862 488 751
319 726 331 345
320 17 137 473
321 314 349 213
322 16 284 328
323 431 623 25
324 307 59 338
325 765 312 649
326 57 213 536
327 787 129 275
328 284 569 809
329 297 785 898
330 287 326 536
331 346 319 108
332 42 578 403
333 536 304 326
334 106 809 132
335 475 243 683
336 126 646 701
337 747 236 464
338 428 379 292
339 849 297 535
340 510 782 852
341 343 242 853
342 70 295 513
343 344 524 799
344 343 377 710
345 585 745 544
346 331 688 629
347 100 551 937
348 276 517 149
349 747 291 487
350 723 427 450
351 314 420 370
352 104 588 819
353 89 84 638
354 450 488 85
355 427 39 484
356 551 167 524
357 213 234 566
358 808 729 31
359 295 5 873
360 375 314 876
361 852 399 204
362 104 416 200
363 154 696 823
364 623 427 1
365 367 366 801
366 421 367 20
367 366 365 421
368 296 123 104
369 747 320 337
370 214 487 637
371 366 20 924
372 310 294 715
373 91 177 221
374 134 387 277
375 70 747 513
376 367 366 27
377 206 91 221
378 59 649 325
379 338 744 649
380 188 746 206
381 213 591 68
382 122 314 231
383 826 204 749
384 386 326 497
385 563 512 65
386 200 326 384
387 924 366 254
388 715 150 473
389 734 412 635
390 780 574 70
391 295 328 213
392 221 641 415
393 345 471 108
394 230 688 771
395 163 579 716
396 591 492 326
397 715 451 473
398 221 392 434
399 872 569 430
400 127 747 270
401 284 295 467
402 702 431 705
403 257 133 239
404 845 93 681
405 58 311 307
406 214 370 312
407 132 826 399
408 304 238 89
409 39 427 257
410 535 483 94
411 70 197 349
412 734 389 700
413 104 569 106
414 780 722 747
415 392 221 641
416 267 726 302
417 615 786 228
418 137 779 70
419 873 382 170
420 351 801 365
421 366 367 20
422 189 163 167
423 73 198 633
424 12 465 545
425 693 765 473
426 450 33 172
427 39 228 350
428 338 292 560
429 104 413 709
430 857 790 399
431 25 323 705
432 463 591 359
433 356 551 347
434 129 275 550
435 871 243 659
436 93 845 17
437 230 713 167
438 623 103 323
439 827 190 87
440 133 119 771
441 708 424 585
442 104 413 296
443 817 350 427
444 591 68 293
445 39 427 754
446 664 98 108
447 110 145 450
448 935 827 580
449 795 453 233
450 488 354 723
451 473 397 369
452 302 98 215
453 233 262 270
454 741 493 102
455 200 268 550
456 300 91 10
457 326 143 853
458 222 177 167
459 78 525 175
460 700 833 783
461 214 747 575
462 633 636 568
463 359 569 742
464 747 849 697
465 618 196 424
466 31 149 741
467 736 401 284
468 337 122 236
469 525 78 459
470 329 910 540
471 199 55 108
472 226 175 459
473 552 58 84
474 546 575 700
475 335 689 578
476 88 519 859
477 261 789 98
478 177 866 504
479 349 314 391
480 622 561 624
481 749 688 754
482 126 701 583
483 300 55 346
484 546 38 39
485 180 594 462
486 129 221 550
487 747 152 214
488 586 450 723
489 702 149 734
490 295 457 382
491 122 155 236
492 296 808 248
493 102 295 70
494 649 325 300
495 560 307 268
496 416 302 267
497 326 384 117
498 487 668 747
499 377 150 183
500 293 623 103
501 530 509 588
502 18 873 839
503 41 726 576
504 297 289 629
505 658 703 292
506 260 673 549
507 113 685 96
508 569 430 810
509 34 169 754
510 782 240 32
511 68 492 498
512 548 167 119
513 70 747 375
514 645 623 786
515 297 328 901
516 303 257 98
517 633 791 276
518 488 723 862
519 836 539 437
520 296 31 346
521 685 271 473
522 590 207 317
523 58 307 150
524 713 356 688
525 734 769 412
526 473 113 9
527 748 94 631
528 142 588 39
529 102 575 604
530 509 588 501
531 129 415 392
532 553 127 400
533 140 402 356
534 473 238 150
535 849 624 24
536 89 560 326
537 747 736 23
538 122 84 666
539 734 741 25
540 329 820 289
541 209 537 778
542 304 93 507
543 852 399 588
544 745 345 312
545 254 20 366
546 272 283 484
547 662 189 104
548 167 163 551
549 673 551 230
550 129 221 275
551 167 356 140
552 473 59 311
553 763 785 102
554 149 413 873
555 201 122 375
556 634 729 790
557 580 459 635
558 262 738 866
559 191 295 466
560 292 428 536
561 744 214 765
562 629 55 82
563 506 395 385
564 584 883 828
565 642 911 744
566 464 473 291
567 238 314 320
568 633 539 734
569 106 413 399
570 491 736 798
571 191 62 389
572 574 390 733
573 110 655 190
574 390 349 572
575 65 790 399
576 641 82 221
577 334 594 26
578 209 186 785
579 163 167 202
580 769 459 525
581 551 716 25
582 685 40 96
583 482 126 637
584 564 827 304
585 345 108 708
586 488 450 427
587 711 42 553
588 281 399 430
589 78 734 389
590 207 522 88
591 444 68 485
592 42 553 41
593 16 724 265
594 716 623 180
595 251 634 596
596 14 1 412
597 427 240 810
598 551 707 433
599 196 825 216
600 664 116 553
601 440 509 260
602 126 659 508
603 366 365 367
604 688 808 925
605 177 664 662
606 593 369 135
607 122 566 473
608 1 31 364
609 235 747 461
610 840 125 283
611 273 830 763
612 733 763 359
613 721 422 356
614 122 186 231
615 32 588 774
616 367 365 366
617 193 898 456
618 465 216 196
619 471 254 319
620 55 108 471
621 777 535 174
622 480 849 214
623 103 175 438
624 747 849 487
625 104 413 219
626 292 390 473
627 739 569 399
628 569 780 328
629 346 458 222
630 39 427 145
631 300 537 43
632 834 446 907
633 568 276 623
634 729 734 139
635 734 769 412
636 14 633 323
637 745 214 370
638 127 353 614
639 474 546 399
640 479 359 491
641 221 392 199
642 822 22 300
643 506 601 140
644 537 390 685
645 427 723 257
646 43 297 181
647 416 434 585
648 264 140 431
649 59 312 494
650 265 897 46
651 331 921 483
652 649 221 416
653 42 688 778
654 333 326 302
655 228 283 110
656 31 741 688
657 5 457 390
658 397 193 378
659 199 471 879
660 747 733 624
661 580 734 635
662 623 830 904
663 747 214 71
664 688 524 346
665 473 405 349
666 122 162 491
667 29 152 334
668 498 809 853
669 814 849 339
670 216 465 424
671 437 707 836
672 106 546 569
673 549 551 440
674 190 170 110
675 586 417 427
676 601 202 440
677 568 539 276
678 699 780 747
679 741 539 833
680 128 450 426
681 221 129 93
682 115 287 498
683 41 151 711
684 769 823 731
685 96 40 271
686 399 855 528
687 815 350 427
688 729 705 741
689 777 585 55
690 733 464 487
691 80 629 524
692 631 693 565
693 765 59 425
694 110 33 283
695 287 359 573
696 623 25 431
697 464 624 297
698 633 591 198
699 678 747 722
700 399 833 742
701 126 471 482
702 402 705 25
703 666 213 382
704 199 483 289
705 25 688 702
706 353 183 333
707 551 356 437
708 27 108 585
709 106 176 104
710 344 42 10
711 41 127 587
712 205 751 178
713 167 524 688
714 108 346 300
715 397 312 473
716 140 323 103
717 167 551 673
718 553 604 394
719 128 110 283
720 162 653 628
721 702 25 167
722 699 780 747
723 450 350 488
724 734 568 702
725 140 167 65
726 319 221 416
727 323 276 633
728 440 407 430
729 634 688 399
730 911 765 174
731 172 754 739
732 459 636 633
733 747 487 660
734 539 389 265
735 824 769 589
736 537 747 375
737 637 745 370
738 558 866 262
739 399 280 872
740 214 898 456
741 25 31 539
742 700 810 412
743 284 349 153
744 747 214 473
745 637 544 345
746 233 453 188
747 624 487 780
748 289 279 312
749 754 528 588
750 540 527 843
751 145 205 786
752 328 798 747
753 930 167 14
754 139 172 749
755 849 667 431
756 745 618 331
757 68 670 547
758 202 688 167
759 592 261 629
760 643 264 696
761 729 627 872
762 537 911 22
763 553 102 713
764 295 135 70
765 325 693 59
766 690 418 464
767 303 1 246
768 80 519 717
769 580 635 525
770 578 569 332
771 399 133 808
772 386 267 302
773 6 345 652
774 826 283 132
775 616 27 20
776 778 541 513
777 689 585 452
778 688 437 553
779 328 487 390
780 747 284 487
781 586 488 350
782 510 754 32
783 142 914 39
784 79 201 40
785 553 329 747
786 723 862 751
787 327 373 434
788 78 103 466
789 108 313 726
790 430 399 925
791 517 633 533
792 662 53 431
793 769 135 724
794 496 101 300
795 449 310 279
796 363 430 549
797 641 415 392
798 747 315 464
799 601 569 688
800 281 530 240
801 365 254 366
802 172 484 46
803 307 6 649
804 266 267 416
805 714 161 286
806 253 748 289
807 872 281 569
808 133 569 399
809 132 106 569
810 280 809 132
811 34 509 601
812 501 530 728
813 365 27 367
814 849 312 669
815 301 687 615
816 25 579 741
817 39 111 110
818 474 256 925
819 588 106 132
820 401 763 540
821 676 627 440
822 642 22 212
823 154 754 280
824 189 293 395
825 196 599 7
826 399 774 407
827 439 448 536
828 135 614 564
829 312 300 544
830 328 508 322
831 579 119 509
832 367 365 117
833 872 925 700
834 473 270 235
835 555 314 382
836 437 539 519
837 929 358 515
838 14 633 130
839 186 552 231
840 239 610 586
841 228 39 417
842 406 325 43
843 629 306 346
844 862 723 450
845 193 310 404
846 559 861 286
847 22 624 697
848 19 896 664
849 747 624 464
850 56 91 275
851 385 579 512
852 543 361 301
853 457 74 295
854 784 464 555
855 686 588 399
856 154 46 925
857 430 139 754
858 707 551 347
859 88 476 578
860 269 883 72
861 248 284 603
862 205 488 450
863 410 512 108
864 141 722 705
865 110 46 172
866 478 84 177
867 69 266 520
868 707 230 264
869 292 626 497
870 157 465 196
871 707 402 688
872 399 132 807
873 135 70 833
874 390 555 201
875 181 137 457
876 375 360 246
877 747 315 785
878 230 673 568
879 129 486 471
880 494 279 108
881 289 297 229
882 226 769 106
883 88 564 908
884 64 42 592
885 441 888 714
886 600 56 81
887 375 836 614
888 326 268 560
889 349 649 63
890 753 894 14
891 325 312 715
892 676 696 288
893 459 732 111
894 65 688 107
895 424 434 373
896 19 829 300
897 46 407 219
898 785 329 740
899 940 247 901
900 641 199 82
901 328 940 780
902 927 248 159
903 592 303 42
904 31 25 705
905 525 734 16
906 74 343 80
907 552 153 247
908 833 135 925
909 296 328 569
910 312 274 669
911 730 565 113
912 314 627 492
913 88 727 903
914 142 783 528
915 565 206 377
916 589 276 348
917 491 113 122
918 286 62 594
919 518 240 352
920 576 483 410
921 483 55 535
922 119 579 705
923 525 628 231
924 387 366 365
925 790 569 106
926 66 483 55
927 902 578 383
928 487 349 43
929 705 688 729
930 758 700 437
931 86 123 157
932 266 378 220
933 379 406 502
934 230 119 437
935 175 226 623
936 742 700 734
937 167 25 356
938 237 549 158
939 474 537 315
940 901 702 816
941 733 461 763
942 756 331 346
