2 312 285 300 345 747 268 339 689 750 878
3 312 332 747 750 322 244 342 285 271 321
8 268 288 99 274 299 257 312 301 317 318
11 180 68 172 422 0 55 99 63 185 7
16 49 275 14 180 274 257 120 126 287 24
18 285 268 293 299 55 49 99 97 172 301
19 49 221 14 116 70 124 236 99 78 126
26 6 180 116 126 256 0 275 272 545 146
28 257 312 287 270 327 339 326 271 332 314
29 287 299 747 327 322 270 244 332 357 321
30 285 268 602 257 922 179 530 300 479 653
31 49 0 180 120 257 236 126 747 124 24
32 299 287 747 325 321 331 258 330 285 288
33 299 257 287 306 327 332 300 325 268 747
34 287 293 322 244 312 288 306 285 309 688
35 285 301 257 299 326 345 300 327 312 331
36 180 120 183 143 293 257 471 225 0 741
38 285 301 339 287 302 326 327 689 267 749
39 312 301 300 689 287 326 306 314 747 288
40 171 203 172 49 182 63 21 190 78 184
44 124 470 404 1027 1046 221 116 273 814 545
45 257 285 325 321 300 322 268 303 288 301
46 299 318 312 241 332 327 689 293 747 269
49 257 6 149 320 92 49 292 247 13 126
50 173 97 55 482 182 434 422 184 356 203
52 0 221 116 404 126 236 741 14 470 275
54 221 6 0 126 287 293 99 257 545 236
60 312 287 285 244 325 288 321 306 878 314
65 221 256 99 117 124 8 24 275 545 110
66 117 596 236 116 14 470 110 684 741 180
67 0 14 99 221 150 256 293 273 844 146
70 99 126 274 97 257 123 268 317 6 11
73 285 299 268 288 320 747 318 49 324 321
77 257 285 299 747 327 0 110 49 267 275
79 317 285 63 257 173 172 179 356 171 180
85 689 306 332 300 747 312 325 291 309 301
87 268 339 257 291 309 332 288 241 327 271
92 236 110 24 470 49 180 273 117 8 404
97 196 426 482 49 514 285 268 99 274 236
102 0 99 236 14 6 173 257 124 150 24
104 299 293 327 300 288 345 244 322 750 314
106 300 293 327 747 271 288 689 314 269 244
107 8 275 14 256 285 24 116 150 257 474
110 299 267 269 326 318 749 689 345 305 287
111 287 339 269 689 267 314 331 325 291 270
112 299 747 306 300 303 332 180 312 268 275
113 173 184 602 134 171 479 172 193 434 186
119 49 180 99 221 117 293 6 470 299 275
122 317 356 602 190 133 173 179 193 268 169
123 55 182 180 175 209 88 233 21 203 81
125 306 747 285 268 267 330 300 342 291 269
126 312 322 327 677 878 271 750 321 180 894
128 300 339 288 327 346 689 318 332 304 309
130 318 115 474 320 257 12 282 288 49 300
131 99 474 530 6 178 180 275 115 13 8
132 301 287 332 747 300 326 270 288 322 689
133 287 244 332 288 321 306 309 689 49 270
135 49 284 257 318 0 180 267 241 507 6
136 293 287 257 124 6 99 741 677 470 126
137 49 190 196 274 126 173 479 477 180 275
138 318 275 257 12 8 123 288 13 282 299
139 299 287 327 268 332 747 312 306 326 291
141 257 312 268 299 285 301 267 327 270 747
142 299 747 268 244 677 301 326 309 288 689
145 285 689 302 304 269 749 267 681 332 343
146 301 285 299 302 306 346 305 287 271 310
148 689 306 305 346 314 287 241 749 269 291
149 6 285 8 236 507 257 293 274 116 221
152 287 97 221 99 285 299 172 312 0 175
153 97 602 99 55 317 513 268 482 172 22
154 299 257 268 288 300 312 332 301 244 321
155 482 513 602 173 190 178 97 55 174 653
156 120 236 180 6 474 14 256 8 287 281
161 99 404 117 272 256 55 287 545 126 239
162 312 293 49 173 301 288 327 180 99 270
164 293 49 299 312 0 55 172 99 97 285
165 332 325 244 677 258 288 878 309 268 689
168 285 293 312 356 97 317 483 514 193 288
169 299 747 306 330 331 288 309 242 878 312
170 299 300 318 271 346 310 749 320 327 288
171 658 512 473 478 653 662 169 480 516 47
172 257 287 332 312 306 747 244 309 339 303
174 173 97 180 203 78 422 68 356 0 172
178 312 269 346 343 326 348 342 331 285 258
181 14 275 24 126 150 274 116 6 8 273
182 402 182 173 384 553 55 232 171 21 78
184 99 0 13 482 478 136 190 282 426 602
190 257 345 689 302 326 267 304 270 346 318
191 285 236 12 8 274 318 0 293 299 474
195 274 318 13 236 735 136 99 474 254 300
198 287 299 288 747 49 318 320 244 300 303
201 49 482 173 180 126 99 602 97 356 513
202 299 747 120 285 327 244 288 677 321 14
203 268 318 288 312 689 271 304 326 305 346
204 287 293 244 322 300 301 309 291 326 331
207 172 167 152 691 209 731 68 173 654 317
208 318 312 301 339 299 288 267 302 327 747
210 49 257 312 293 747 327 322 270 288 325
211 136 482 49 478 173 513 274 99 602 133
217 97 184 178 237 88 181 171 173 199 47
218 285 312 49 267 514 271 301 126 180 190
219 301 312 327 326 747 689 269 244 271 320
224 173 483 422 204 198 478 482 49 356 434
225 99 49 275 474 126 180 123 0 284 236
227 268 257 293 301 267 339 288 172 49 299
228 293 300 267 326 689 270 269 306 345 332
230 14 236 124 293 221 116 99 24 256 117
236 479 193 483 653 434 317 510 506 477 426
237 236 0 116 14 49 221 287 596 747 24
239 257 327 332 293 285 325 689 326 301 322
240 257 327 268 332 285 747 326 325 322 300
241 285 257 275 318 274 320 288 268 8 241
244 120 0 14 117 404 124 236 110 256 116
246 285 257 312 293 287 288 327 747 180 267
251 123 282 12 507 49 149 126 284 241 318
257 299 268 244 321 325 258 300 306 677 291
258 49 99 55 257 6 126 78 236 221 10
259 306 327 301 331 345 330 326 293 285 688
260 299 327 322 257 677 306 332 312 309 288
264 120 0 293 221 404 24 8 146 596 275
265 257 268 241 99 49 8 299 288 275 115
271 184 88 317 186 178 63 134 181 602 167
272 268 285 301 257 299 300 305 267 241 288
277 301 299 339 271 270 267 326 302 689 318
280 299 327 747 312 244 285 677 306 258 291
281 312 285 327 300 747 288 325 331 244 689
282 0 120 110 117 24 180 236 221 87 404
283 326 287 314 293 270 310 291 241 320 311
284 285 49 293 180 126 267 55 97 173 0
288 117 116 180 596 49 236 545 147 256 471
299 747 677 322 325 332 244 257 306 258 124
301 299 287 332 312 325 285 677 330 331 326
303 257 288 747 322 244 677 325 332 300 303
305 275 284 8 14 236 254 739 812 120 0
308 268 300 291 327 301 288 312 309 306 747
309 247 0 285 474 236 110 297 507 299 292
316 257 293 332 342 331 306 894 681 750 309
318 257 287 299 326 327 285 747 271 293 269
321 55 97 99 186 173 285 473 656 171 268
332 49 257 180 172 285 312 288 287 69 203
334 293 285 325 326 301 288 271 309 330 750
336 404 116 0 70 236 117 422 1027 264 251
339 495 68 426 131 482 96 132 193 431 418
340 325 331 299 306 332 747 880 327 257 322
348 0 110 6 281 292 12 24 545 149 283
349 602 55 473 99 193 483 126 356 317 190
350 257 332 293 330 689 258 271 268 301 270
351 173 10 21 184 199 167 178 126 257 317
352 312 287 301 293 268 747 306 689 750 346
354 332 257 326 747 331 325 300 689 330 267
355 287 300 689 268 244 322 258 288 301 326
357 169 656 191 602 639 197 478 653 285 55
358 257 287 49 293 221 299 99 256 244 126
361 325 285 677 258 288 342 306 878 326 309
363 257 299 327 300 747 312 332 244 322 291
365 669 378 673 4 182 440 562 443 451 566
367 184 199 412 664 440 674 673 442 451 257
368 257 268 301 287 312 299 285 293 332 326
370 55 171 203 95 194 175 172 167 88 143
374 55 52 97 671 183 199 16 218 447 664
375 285 49 99 257 275 126 317 0 136 293
376 293 299 301 327 332 49 285 180 268 326
381 514 180 123 285 12 11 272 284 116 602
383 257 287 293 285 244 322 321 309 268 325
385 180 0 741 287 293 256 236 249 257 830
387 293 747 6 180 244 321 49 259 357 326
389 241 268 320 293 300 244 275 747 287 267
394 293 221 257 116 299 287 404 117 747 124
395 180 117 293 49 684 747 257 256 6 322
399 312 288 332 244 301 321 325 326 309 267
402 0 49 236 741 14 404 124 24 281 293
403 287 314 325 750 321 285 270 300 872 346
407 268 332 300 288 689 322 267 339 309 331
409 301 300 287 271 309 332 293 326 244 306
410 173 203 172 422 81 78 95 175 97 120
411 97 99 49 180 126 184 88 78 203 182
412 287 293 318 747 99 267 320 312 275 241
413 285 312 268 327 326 332 267 270 288 322
414 285 49 173 602 180 126 312 293 99 97
417 306 293 325 747 269 346 339 331 285 750
418 482 479 126 356 602 478 317 510 55 268
419 285 268 305 241 267 284 339 257 320 302
423 257 299 180 747 312 987 244 303 221 321
426 300 325 306 747 332 689 322 328 309 880
427 257 268 327 747 287 326 332 309 345 269
430 287 257 327 332 312 288 300 325 677 309
432 257 312 287 288 99 299 270 300 126 323
433 0 596 283 1027 281 24 741 1046 404 116
437 24 221 124 274 116 275 126 110 293 741
438 49 8 257 285 293 180 126 0 507 116
439 268 285 300 301 302 305 267 304 886 257
440 257 299 747 327 49 285 244 180 677 322
442 287 301 299 327 267 271 323 345 269 325
443 301 287 300 339 267 326 318 345 293 269
445 299 257 312 288 332 339 309 321 271 346
447 345 689 312 269 271 310 241 299 305 287
460 285 299 267 300 288 287 339 327 314 244
461 293 257 327 747 321 332 244 285 49 342
463 312 267 303 322 244 270 49 309 326 318
466 180 507 8 285 293 128 120 236 249 221
468 477 513 478 479 660 169 434 527 196 491
469 123 274 13 126 236 739 268 241 320 14
470 70 14 180 431 20 945 117 415 621 925
472 474 285 99 257 284 149 268 12 220 92
474 299 268 301 293 271 287 288 339 300 327
476 110 273 65 277 948 274 761 691 475 219
480 173 482 356 210 167 422 171 193 201 185
481 299 257 285 293 321 322 332 312 309 325
482 257 293 14 514 126 24 21 99 12 6
484 299 257 301 689 326 339 332 271 314 291
489 275 507 12 247 120 146 128 741 24 287
490 275 13 136 268 274 301 8 49 267 12
491 602 169 356 190 179 483 196 49 173 479
493 126 274 257 275 299 514 268 116 317 482
501 327 325 322 747 331 688 306 681 309 330
506 293 257 325 258 306 321 331 357 894 285
508 293 312 327 332 747 285 270 268 322 321
509 327 747 325 306 331 878 342 309 681 326
510 257 327 747 306 325 331 322 342 326 750
511 99 180 287 173 97 11 293 171 126 78
512 120 0 6 293 236 596 287 741 14 257
514 332 325 331 258 300 326 330 345 303 244
515 99 257 0 293 173 7 482 317 426 126
516 287 293 747 288 327 244 322 180 120 285
518 306 894 681 688 325 345 299 342 330 357
519 257 287 747 244 322 327 321 236 14 312
521 173 55 182 97 473 171 482 186 602 88
524 49 180 116 221 6 741 8 281 293 470
527 171 97 194 131 203 233 21 95 356 78
528 299 312 747 332 288 301 300 689 306 677
529 180 126 236 293 221 317 285 68 196 179
530 257 312 327 306 293 325 332 300 342 309
538 317 13 581 513 85 190 69 136 212 63
539 236 120 116 275 287 24 126 274 288 254
543 299 747 332 244 306 677 321 268 750 689
545 677 322 747 332 270 306 323 299 326 327
546 268 285 299 271 287 749 689 326 267 293
548 221 404 116 124 14 545 256 470 741 6
549 677 257 244 325 321 242 14 288 116 332
554 99 126 293 285 236 0 275 221 8 256
555 285 482 268 513 97 257 99 49 356 479
556 285 257 301 323 312 318 339 300 747 327
557 241 284 220 318 739 275 12 8 812 223
562 120 221 116 404 287 0 110 299 293 93
563 287 257 747 677 293 325 327 321 306 258
564 115 284 13 136 581 18 274 44 735 85
569 299 268 312 293 327 326 332 267 321 339
570 513 482 479 478 481 522 660 510 653 473
571 285 274 275 320 254 49 257 282 99 236
572 482 356 63 317 99 190 180 97 602 473
573 312 285 300 304 306 267 749 310 305 886
574 173 257 99 171 356 190 317 55 285 63
575 0 99 285 126 257 221 120 299 24 116
577 747 332 312 327 299 321 750 357 306 242
579 287 116 677 236 117 244 256 327 321 741
580 285 13 115 123 318 507 136 12 241 149
581 116 0 293 117 99 545 146 741 281 297
582 55 97 317 173 237 178 602 99 172 47
583 21 227 49 264 172 173 180 95 78 567
588 327 747 325 268 244 309 331 301 750 689
589 292 49 24 507 282 110 812 136 92 0
593 274 268 99 275 8 282 257 320 299 126
595 747 327 285 244 49 99 288 267 321 332
596 257 747 287 236 221 120 256 285 244 124
597 299 327 287 325 314 309 301 747 331 306
598 124 120 293 14 596 0 117 545 24 1046
601 287 257 299 322 327 244 288 321 325 285
602 257 227 49 78 209 287 81 194 95 97
603 671 97 218 435 446 52 673 674 287 175
606 285 13 268 513 115 18 284 318 508 49
608 299 747 332 306 327 288 244 357 309 325
610 301 257 326 269 271 689 330 331 327 747
611 49 180 293 120 288 814 470 150 273 124
612 274 285 99 14 13 180 190 299 482 356
613 120 236 14 124 281 117 470 110 180 49
615 293 270 301 306 750 244 331 326 309 258
622 173 0 99 97 236 172 171 422 167 55
625 299 244 321 325 677 300 342 301 270 268
627 268 285 312 747 300 327 288 271 244 309
630 299 257 287 327 747 268 325 332 326 301
632 99 180 173 49 293 199 95 10 181 184
634 257 285 287 244 288 312 321 332 267 325
635 49 275 285 14 236 180 474 13 12 6
640 285 164 602 268 169 530 478 165 212 44
643 287 677 244 312 686 309 285 124 331 300
645 327 306 747 325 287 332 258 293 285 300
646 180 49 0 173 171 422 117 293 68 126
648 236 117 124 256 404 221 741 596 110 283
650 268 318 257 299 320 301 288 300 302 274
651 257 747 327 312 321 180 677 49 325 120
655 257 312 299 339 287 267 306 332 689 327
656 49 257 287 99 275 180 236 6 126 120
661 474 13 8 99 236 123 115 282 0 220
666 285 173 257 49 172 63 513 11 55 190
667 312 747 244 677 321 750 301 180 314 878
669 482 603 356 434 495 203 513 135 473 422
671 236 8 12 0 120 275 110 124 273 125
672 301 312 339 288 689 270 305 318 269 320
673 180 257 747 236 327 545 470 99 6 258
674 301 339 268 318 267 241 300 689 271 269
676 293 257 287 116 120 99 327 180 987 14
677 470 8 120 99 150 12 283 124 844 475
678 171 97 172 209 317 78 422 194 257 215
679 49 236 0 180 274 126 282 474 6 221
680 299 301 312 300 306 268 332 331 325 322
684 267 257 302 305 299 287 300 312 241 261
686 257 285 327 293 268 322 288 300 332 321
687 299 332 688 322 327 312 330 342 689 341
688 180 0 293 116 287 99 257 236 126 741
690 173 171 182 482 478 99 133 356 175 473
691 0 236 49 150 110 120 14 180 124 221
694 301 268 257 285 339 326 302 327 689 332
695 271 268 285 257 302 300 315 269 288 299
699 203 171 97 55 68 194 63 175 209 21
700 285 268 257 300 320 318 293 301 241 287
701 270 322 677 327 325 750 894 688 271 314
702 120 99 14 741 124 126 404 281 110 285
705 120 116 299 221 747 236 285 126 256 14
712 345 299 271 689 257 302 315 338 332 348
713 124 117 221 741 293 24 256 99 545 287
717 293 124 596 287 116 236 0 180 49 747
718 14 0 110 180 150 24 470 124 221 274
719 302 304 299 271 300 310 269 339 343 326
721 49 180 120 0 116 287 293 221 257 14
722 49 180 285 99 317 293 268 126 287 299
724 49 268 293 747 287 288 241 275 318 267
725 747 293 677 124 180 244 596 327 14 0
727 49 180 8 0 285 275 120 110 6 126
728 257 322 258 325 314 342 677 331 244 306
729 287 293 285 288 0 126 244 120 312 267
731 268 257 300 241 327 318 301 287 332 312
733 49 180 482 0 356 193 63 99 426 167
734 49 274 293 236 287 299 126 14 320 267
735 8 236 507 297 116 545 99 249 120 1013
736 55 97 173 99 317 49 178 356 203 237
738 173 257 293 312 21 97 49 190 209 356
739 257 312 300 332 689 244 267 309 322 326
741 120 126 287 8 293 275 285 256 404 24
742 285 257 312 241 747 244 327 332 318 303
743 99 180 97 317 285 268 257 514 173 474
744 49 171 356 190 317 126 602 55 473 422
745 173 209 97 194 21 175 227 264 233 120
749 257 312 332 288 325 322 326 306 309 689
751 268 332 314 327 749 267 750 331 302 330
752 171 479 190 126 257 317 602 510 99 97
753 120 293 124 244 256 0 677 747 470 49
754 257 285 327 332 312 300 291 306 325 322
758 293 287 747 180 236 49 244 288 14 322
759 236 96 150 0 14 293 221 120 69 475
760 116 120 747 596 124 99 256 150 741 117
761 268 285 13 318 257 267 320 274 241 49
764 275 8 268 99 115 318 474 12 123 267
766 602 173 356 479 49 193 513 483 473 434
767 236 14 293 180 257 285 221 99 124 254
768 0 236 221 124 117 24 180 596 741 49
769 285 293 99 275 126 244 8 236 256 267
770 49 299 69 285 268 99 24 287 747 172
771 257 293 327 747 285 244 332 288 268 300
774 312 300 302 287 327 314 339 291 346 288
776 49 180 317 221 173 257 69 120 68 236
777 95 402 172 209 167 21 171 180 201 49
778 0 49 120 236 116 293 99 124 150 126
779 173 482 49 193 180 479 55 190 513 99
780 49 97 293 55 171 356 299 268 78 312
782 293 312 325 747 331 244 322 285 321 681
783 299 747 287 300 301 288 689 321 293 244
784 257 49 173 172 171 175 317 293 180 97
786 312 287 326 300 348 331 327 285 269 345
788 275 99 6 149 274 12 123 236 13 256
790 257 293 747 312 332 301 267 322 320 325
791 116 117 124 49 14 180 404 292 409 741
792 99 146 110 474 6 236 116 0 741 272
793 99 257 275 282 13 267 507 8 236 320
796 287 293 257 312 677 322 321 325 244 288
798 268 602 299 482 301 99 126 514 513 320
799 257 287 0 747 49 285 120 99 236 180
800 257 312 747 331 322 244 750 342 878 321
801 287 183 199 97 664 218 182 669 332 312
802 299 257 300 288 301 312 318 327 267 293
807 257 268 327 747 326 300 267 288 339 689
808 299 287 293 268 332 321 49 322 300 244
809 257 327 747 301 244 321 322 288 309 326
810 287 327 312 244 332 321 325 268 309 677
811 299 257 332 312 322 321 306 309 258 689
812 299 322 287 677 747 688 325 327 306 332
813 669 97 572 435 636 233 182 440 446 566
815 299 327 747 322 332 306 677 878 750 894
816 287 293 180 116 120 49 99 299 677 221
817 257 268 312 287 306 339 332 326 300 269
818 285 268 300 257 288 269 312 287 323 305
819 299 257 327 293 332 285 268 322 325 271
820 49 236 221 150 470 126 24 110 8 124
821 257 747 293 0 287 299 327 322 244 312
823 299 257 747 327 244 332 312 689 268 325
826 299 285 268 287 293 327 332 747 288 314
828 285 136 275 268 282 581 284 85 49 8
830 293 285 312 288 268 321 301 267 270 300
831 299 287 747 332 288 677 312 306 242 331
833 285 180 299 275 236 288 8 0 747 120
835 186 513 481 178 530 197 97 301 356 174
836 110 0 8 49 120 125 254 284 221 814
837 49 0 257 221 126 293 173 63 97 268
838 8 12 292 0 99 14 123 126 247 274
840 312 257 327 293 326 750 268 321 325 301
841 301 257 285 749 345 326 339 299 300 314
843 173 293 203 78 171 172 27 95 97 287
844 306 681 269 332 285 339 257 287 326 304
848 180 49 0 70 293 68 422 116 117 78
849 49 422 434 97 182 193 194 495 264 190
851 116 0 221 120 287 293 257 236 747 14
852 332 312 306 321 309 342 681 288 689 750
854 922 169 18 513 58 212 512 136 13 268
855 299 327 747 287 293 285 268 244 288 332
856 285 288 268 318 241 287 303 747 300 244
857 257 299 287 293 301 312 244 332 327 300
858 236 120 1047 92 814 124 273 755 863 470
859 268 257 287 301 314 267 339 241 327 318
860 285 136 581 318 268 267 69 380 115 241
864 0 180 221 741 49 99 256 14 249 117
865 285 268 302 257 300 267 288 310 339 312
866 55 99 171 203 88 190 126 131 233 422
868 236 120 254 0 124 8 275 470 475 285
871 293 120 180 124 299 256 677 221 116 14
872 285 287 268 312 327 301 747 288 332 300
873 285 274 268 49 257 99 318 136 8 284
874 317 602 55 99 126 178 482 285 88 186
875 99 285 13 49 11 474 268 274 282 602
876 49 288 172 293 312 99 287 180 55 301
878 49 180 120 470 124 117 404 741 116 110
883 285 136 13 284 318 241 288 123 320 267
884 65 203 392 93 691 215 68 201 731 738
887 284 275 274 8 530 123 318 99 14 305
890 8 12 274 120 275 180 0 254 110 221
892 6 120 117 287 221 180 99 256 741 49
894 120 0 236 99 14 221 126 256 285 8
897 257 268 301 312 267 332 293 300 327 288
899 99 180 49 6 514 126 275 282 116 221
900 49 221 0 120 150 203 116 14 236 317
901 285 287 99 268 126 747 288 244 327 321
902 6 10 474 128 627 116 409 49 11 120
903 948 236 110 274 14 69 87 24 268 380
904 287 293 49 285 99 180 747 120 0 116
905 8 0 49 123 507 180 126 285 236 149
906 0 110 8 275 236 14 49 474 844 150
907 173 182 171 473 602 49 99 482 233 174
908 268 318 241 284 320 18 136 301 305 302
909 49 180 0 6 126 293 257 275 285 474
910 49 180 171 172 431 7 135 194 479 417
911 173 97 356 513 477 190 479 473 602 133
913 69 380 948 777 1040 731 14 65 48 274
914 257 285 268 747 288 293 321 300 322 325
916 99 14 8 236 0 120 274 110 12 292
917 85 196 508 482 190 477 317 530 706 82
919 312 287 257 293 306 332 326 268 325 894
920 49 404 120 150 117 236 221 110 116 596
921 180 203 81 422 78 229 120 95 87 27
922 293 120 257 49 747 299 677 596 221 117
923 49 99 514 180 221 275 8 317 21 507
924 287 293 257 299 327 357 312 747 321 270
925 257 268 312 293 301 327 267 747 300 326
926 120 404 110 116 180 0 117 24 49 470
927 257 287 293 299 267 750 268 301 747 271
928 97 602 55 49 171 172 182 356 180 78
929 0 49 180 236 99 221 14 116 293 6
930 285 299 288 293 320 300 318 747 312 241
934 14 0 116 124 49 180 117 24 404 221
935 285 292 275 12 318 257 149 6 123 247
936 285 318 268 320 115 288 13 275 123 99
937 120 116 236 117 0 596 49 741 221 293
938 124 596 747 117 755 293 925 545 455 677
939 257 49 285 312 356 190 126 68 293 97
940 49 99 120 293 221 287 249 126 256 0
941 257 293 299 173 602 285 271 356 270 482
942 49 78 402 221 120 55 232 173 567 21
