2 312 300 285 747 345 681 268 357 339 258
3 312 332 747 244 750 322 342 321 325 285
8 99 268 288 126 274 299 257 317 312 513
11 180 68 0 172 185 55 209 422 63 99
16 49 275 257 180 274 14 126 287 120 221
18 285 268 55 293 49 299 99 97 288 126
19 49 221 14 70 116 124 236 203 78 126
26 6 116 180 126 0 275 256 257 146 272
28 312 257 287 270 271 326 339 332 327 314
29 287 299 747 327 270 322 332 244 357 321
30 285 268 602 922 257 241 179 300 44 312
31 49 257 180 0 120 236 299 747 126 124
32 299 287 325 747 321 331 258 288 689 330
33 299 257 287 327 306 332 300 325 312 268
34 287 293 322 312 306 244 288 309 681 291
35 326 257 301 299 327 285 345 330 312 331
36 180 120 143 183 257 293 225 0 567 471
38 301 285 339 302 326 327 689 287 318 749
39 312 301 300 689 326 287 314 306 288 747
40 171 49 203 172 182 63 184 21 175 78
44 124 470 116 1046 404 1027 221 545 814 273
45 257 325 285 321 322 300 288 258 303 268
46 318 299 312 241 332 327 689 293 271 304
49 257 149 6 13 49 292 247 299 126 92
50 173 97 482 182 55 434 422 203 175 356
52 0 221 116 126 404 236 14 741 124 287
54 221 6 0 287 126 257 293 99 545 236
60 312 287 244 325 285 288 321 258 306 878
65 256 221 99 117 124 275 8 24 249 299
66 117 596 116 236 470 741 14 110 684 221
67 0 14 99 221 150 256 293 146 273 283
70 99 126 274 257 97 268 6 317 123 179
73 285 299 268 288 747 49 320 318 324 321
77 257 299 285 747 327 110 321 49 0 244
79 285 317 173 179 257 63 172 171 426 11
85 689 306 332 312 325 747 300 291 309 330
87 268 339 309 291 332 257 326 271 302 327
92 236 110 24 470 49 755 117 180 273 8
97 196 49 426 285 482 268 212 514 236 99
102 0 99 236 14 6 173 257 150 24 97
104 299 293 327 288 300 244 314 345 321 322
106 293 271 300 314 327 288 689 747 302 318
107 8 275 14 256 257 150 285 116 741 24
110 299 318 267 689 269 749 326 346 305 345
111 287 339 689 269 314 267 318 331 270 325
112 299 747 306 332 300 303 312 180 330 301
113 173 184 602 171 478 134 479 186 513 193
119 49 180 99 221 299 293 6 117 287 470
122 317 190 602 133 173 179 356 193 268 212
123 55 182 180 175 88 209 233 126 203 99
125 306 330 747 357 342 268 300 267 749 291
126 312 322 327 677 878 271 180 750 314 268
128 300 339 318 327 346 288 304 689 309 332
130 115 318 257 474 12 320 282 49 267 236
131 99 530 178 474 180 6 115 275 257 179
132 301 287 300 332 747 689 288 270 346 326
133 287 244 332 321 288 306 270 309 49 689
135 49 257 284 180 0 267 12 507 6 318
136 293 287 257 6 124 677 741 99 146 470
137 49 190 173 126 196 479 180 477 203 172
138 257 318 275 12 123 13 299 8 300 323
139 299 287 268 327 312 332 326 747 689 306
141 257 312 268 285 299 267 301 270 327 747
142 299 747 244 268 288 270 677 326 309 301
145 285 302 689 304 269 749 332 267 315 287
146 301 285 302 299 346 306 326 271 314 327
148 346 689 749 314 332 305 241 269 287 306
149 6 285 257 8 236 507 274 116 293 299
152 287 97 299 221 285 312 0 172 175 209
153 97 55 99 317 602 513 268 179 178 11
154 257 299 268 288 300 312 332 244 301 321
155 482 478 97 513 602 473 173 178 653 190
156 120 236 474 180 287 14 6 256 257 8
161 99 404 117 126 55 272 287 275 474 545
162 312 293 49 301 173 288 180 267 99 327
164 293 49 299 0 285 312 99 97 55 747
165 332 325 244 258 288 270 689 677 309 300
168 285 293 97 483 182 317 312 63 175 288
169 299 747 288 331 306 330 242 312 309 878
170 318 300 299 346 271 320 241 288 749 327
171 478 85 512 658 516 662 212 191 47 473
172 257 287 312 332 244 306 303 309 747 339
174 173 97 180 203 78 422 68 0 209 356
178 312 269 346 326 342 348 331 343 881 688
181 14 275 24 126 116 150 6 8 274 281
182 182 402 194 173 232 171 55 384 21 230
184 99 0 282 13 136 190 478 528 237 482
190 257 302 689 345 326 304 318 346 267 270
191 285 236 8 12 274 299 287 293 474 0
195 274 13 318 236 474 282 99 735 254 136
198 287 299 288 747 49 320 244 300 303 236
201 49 180 173 126 99 482 97 602 513 478
202 299 747 120 285 677 327 124 244 117 404
203 268 318 312 288 271 689 304 326 346 305
204 287 293 244 300 301 326 322 309 291 270
207 691 167 172 209 152 317 731 654 7 68
208 318 301 312 339 299 288 267 302 327 747
210 49 312 257 293 747 288 878 270 327 271
211 478 482 49 136 513 173 602 169 133 99
217 97 184 178 179 237 181 88 186 233 171
218 285 312 49 271 267 301 126 180 326 514
219 301 312 327 326 747 320 241 689 271 269
224 173 198 483 49 204 422 478 482 510 131
225 99 49 275 126 180 474 0 236 123 284
227 268 293 257 301 267 339 288 318 602 747
228 300 326 689 269 293 267 306 270 332 345
230 14 236 221 293 124 116 99 257 24 287
236 479 483 193 510 506 653 656 317 134 204
237 236 116 0 287 49 14 24 221 596 741
239 257 327 332 293 325 689 285 309 321 258
240 257 327 332 268 326 325 747 285 300 314
241 257 285 275 274 287 507 8 268 320 288
244 120 117 0 124 404 256 14 110 236 116
246 285 257 293 312 287 288 327 747 180 300
251 149 123 12 507 282 126 49 257 236 743
257 299 268 244 258 325 321 300 306 303 270
258 49 55 99 257 6 126 236 0 78 221
259 306 301 327 331 326 345 688 689 749 330
260 299 322 327 257 677 306 332 312 309 288
264 120 0 293 221 404 146 24 275 596 8
265 257 268 99 241 8 49 299 288 115 275
271 184 186 88 63 317 175 167 179 178 134
272 268 285 301 257 300 299 241 305 267 749
277 301 299 271 270 339 326 332 302 689 267
280 299 327 747 312 244 306 677 258 285 291
281 312 285 327 300 288 747 689 325 271 244
282 0 120 180 110 24 117 236 404 221 68
283 326 287 314 293 270 241 320 310 291 244
284 285 49 293 180 126 267 0 6 97 55
288 117 116 596 180 49 236 545 147 256 410
299 747 677 322 325 257 244 332 306 258 124
301 287 299 312 332 325 301 326 285 270 268
303 257 288 747 322 244 677 325 300 303 332
305 275 284 236 8 14 254 120 812 739 0
308 268 291 300 327 288 301 309 293 312 306
309 247 0 474 285 236 299 297 507 292 741
316 293 257 332 342 306 681 331 894 258 309
318 287 257 299 326 327 747 293 689 285 269
321 97 55 99 186 285 473 173 179 656 174
332 49 180 257 285 288 172 287 312 221 0
334 293 285 325 326 301 330 288 309 689 300
336 404 116 70 0 173 422 236 1027 251 117
339 131 495 68 482 418 431 96 426 209 190
340 325 306 331 299 332 327 880 747 257 322
348 0 110 292 24 12 281 6 283 149 475
349 55 602 233 126 473 99 193 21 317 483
350 257 332 293 689 258 330 303 681 271 268
351 173 184 10 199 21 167 126 203 186 179
352 312 287 293 301 268 747 689 750 288 346
354 332 326 257 325 331 689 880 747 330 300
355 287 300 689 268 244 301 326 288 331 258
357 169 191 656 478 197 184 55 285 602 729
358 257 287 49 293 299 221 256 99 126 244
361 325 288 285 677 300 258 342 326 306 878
363 257 299 300 327 312 747 332 244 291 326
365 669 378 443 4 589 451 673 182 440 550
367 184 199 443 412 442 440 451 664 257 674
368 257 287 268 301 293 285 312 299 288 332
370 55 171 203 95 194 175 167 172 88 143
374 55 52 97 671 183 218 447 16 199 200
375 285 49 99 257 126 317 275 0 172 293
376 293 299 301 332 49 285 180 327 268 326
381 180 285 11 514 272 12 123 0 128 116
383 257 287 293 309 244 321 325 268 258 285
385 180 0 287 741 256 293 257 249 236 677
387 293 6 747 180 49 321 244 270 285 259
389 268 241 320 287 293 244 300 275 49 267
394 293 221 116 257 299 287 404 117 747 68
395 257 117 293 180 747 49 256 322 6 684
399 312 288 332 244 321 325 301 309 326 291
402 0 49 236 741 14 124 404 293 24 281
403 287 325 314 321 750 285 872 300 270 337
407 268 332 300 288 689 244 325 322 749 339
409 300 301 271 293 287 309 332 326 244 269
410 173 203 172 81 78 422 95 182 175 97
411 97 180 49 99 126 184 88 0 203 78
412 287 293 99 747 267 312 320 318 126 275
413 285 312 327 268 332 288 267 326 321 244
414 285 49 173 180 97 312 126 602 287 293
417 306 269 293 346 339 325 270 750 689 271
418 482 126 479 602 478 97 356 510 317 186
419 285 268 257 267 305 241 284 339 49 320
423 257 299 747 312 987 180 244 303 321 327
426 300 689 306 325 332 309 258 330 293 747
427 257 327 287 268 332 747 309 326 688 750
430 287 257 327 312 332 288 300 325 677 309
432 257 287 312 288 299 300 270 99 126 326
433 0 596 741 281 1027 283 116 24 1046 404
437 24 124 116 221 274 275 741 299 110 126
438 257 49 293 285 126 180 8 0 116 507
439 268 285 301 302 300 305 304 267 886 346
440 299 257 747 49 327 244 180 285 677 322
442 287 301 299 327 271 269 325 267 681 689
443 287 301 267 300 293 339 326 332 318 689
445 299 257 312 288 332 309 339 321 346 318
447 345 689 312 271 269 346 241 310 314 305
460 285 299 267 287 300 314 288 339 327 271
461 293 257 327 747 321 332 244 342 49 285
463 312 303 244 270 267 322 49 309 326 318
466 180 285 293 507 8 128 236 120 301 747
468 477 479 513 478 169 434 614 660 481 495
469 274 13 123 126 236 268 739 9 324 14
470 70 14 431 180 945 415 117 20 209 632
472 474 285 257 99 149 284 268 324 12 126
474 299 268 293 287 301 271 288 327 300 339
476 110 65 273 277 948 282 691 274 761 735
480 173 482 210 167 356 171 185 422 193 201
481 299 257 293 285 321 322 312 332 309 325
482 257 293 126 14 514 99 24 12 21 6
484 299 257 301 332 689 326 314 339 309 271
489 275 507 12 247 146 287 120 128 274 13
490 275 13 274 268 8 136 301 49 241 12
491 602 169 190 179 196 173 356 483 426 473
493 126 257 274 299 275 268 514 317 116 256
501 322 327 325 747 331 688 306 681 244 309
506 293 257 325 258 306 321 242 357 331 686
508 293 312 327 332 747 270 322 244 285 321
509 747 327 325 306 681 331 878 303 309 342
510 257 327 325 306 331 747 322 342 326 244
511 99 11 180 97 287 126 173 293 171 6
512 120 0 6 287 293 236 596 741 257 124
514 332 325 258 300 331 303 244 342 330 326
515 99 0 173 293 257 7 317 426 126 14
516 287 293 747 120 288 116 180 327 244 322
518 306 681 894 325 688 299 357 880 330 342
519 257 287 747 312 244 327 322 321 236 14
521 173 97 182 55 186 473 184 482 171 193
524 49 116 180 741 6 221 281 257 470 293
527 97 171 131 194 203 88 356 233 126 78
528 299 312 332 747 288 300 301 689 306 303
529 180 126 221 236 285 317 0 68 293 215
530 257 306 327 293 325 312 332 300 309 681
538 317 581 513 69 13 190 63 178 212 85
539 236 120 287 116 275 126 24 274 254 150
543 299 747 332 268 244 689 750 300 271 306
545 677 332 747 322 270 299 306 217 323 325
546 268 285 299 271 287 689 293 749 326 267
548 221 116 404 124 256 545 14 6 741 150
549 677 257 244 325 116 321 256 242 14 288
554 99 285 236 0 126 293 275 221 274 8
555 285 268 513 97 482 257 99 49 55 173
556 285 257 301 312 318 300 323 339 747 327
557 739 241 275 12 223 99 220 9 474 318
562 120 221 116 404 287 293 110 299 0 93
563 287 257 747 677 293 327 325 321 306 258
564 115 13 284 136 581 44 18 274 528 85
569 299 293 312 268 327 332 267 326 321 322
570 513 482 478 479 481 522 660 510 426 473
571 274 285 257 275 254 99 49 236 320 14
572 482 99 63 180 97 0 317 190 356 473
573 312 285 300 304 749 267 306 310 305 311
574 173 257 99 285 171 0 63 356 55 221
575 99 0 126 285 257 221 120 299 116 287
577 747 332 312 299 327 321 750 242 357 180
579 287 116 677 236 256 117 244 321 327 741
580 285 13 115 507 123 12 257 318 149 136
581 116 0 117 99 146 293 545 741 281 297
582 55 97 317 173 237 179 178 172 186 99
583 21 227 180 49 264 173 194 175 172 95
588 327 747 325 268 244 689 301 309 331 342
589 292 49 24 282 507 110 812 0 92 136
593 274 99 275 268 282 8 257 126 123 115
595 747 285 327 244 49 99 288 321 267 268
596 257 287 256 747 236 120 221 285 124 8
597 299 327 325 314 309 681 300 332 331 306
598 124 596 120 293 117 677 545 0 14 741
601 287 299 257 327 322 244 288 321 325 312
602 257 49 227 209 194 78 81 287 299 97
603 97 671 435 218 52 674 673 287 175 446
606 285 13 513 18 512 268 115 282 169 508
608 299 747 332 288 306 327 244 357 309 300
610 301 257 326 689 327 293 269 314 330 331
611 49 180 120 293 150 288 470 124 126 99
612 285 274 99 14 180 299 190 221 236 13
613 236 120 14 124 281 470 110 49 117 6
615 293 301 270 306 326 309 750 331 258 244
622 173 172 0 97 171 99 167 236 68 422
625 299 300 301 321 268 244 270 325 326 677
627 268 312 327 285 288 300 747 309 244 303
630 257 299 268 301 327 326 287 689 339 332
632 180 99 49 293 199 184 10 181 95 173
634 257 287 285 244 288 321 312 332 49 267
635 275 49 285 236 14 13 180 12 24 110
640 285 268 169 164 602 478 190 530 317 165
643 287 677 244 312 686 124 309 331 300 404
645 327 306 325 258 332 287 747 322 293 300
646 180 49 0 173 422 171 117 126 150 194
648 236 256 404 124 221 117 741 287 8 150
650 268 318 257 320 299 301 302 288 300 312
651 257 747 327 312 321 180 677 49 120 0
655 312 257 339 299 267 314 287 318 304 332
656 257 287 49 99 275 180 236 6 126 120
661 474 13 8 99 236 123 115 149 739 282
666 285 513 173 49 63 257 11 172 190 99
667 312 747 244 750 180 321 301 314 878 677
669 482 603 135 495 434 356 477 513 203 660
671 236 8 120 12 124 275 0 125 110 470
672 301 312 288 339 689 318 270 305 320 269
673 257 180 747 236 327 470 545 99 258 6
674 301 339 268 318 267 241 689 271 300 312
676 293 257 287 116 120 99 987 49 180 327
677 120 99 8 470 150 283 12 116 124 273
678 171 97 172 209 317 422 78 215 194 95
679 49 236 0 180 126 274 282 474 6 257
680 299 306 312 301 332 300 268 325 322 326
684 267 302 257 305 287 300 299 312 689 346
686 257 327 285 293 322 288 268 321 332 300
687 299 688 332 327 322 312 342 894 330 747
688 287 180 0 293 257 116 99 236 741 126
690 173 478 482 171 182 186 233 175 99 473
691 236 0 150 49 120 110 180 14 124 475
694 301 268 257 285 326 339 327 689 302 332
695 268 271 285 302 257 315 300 326 749 288
699 97 203 171 55 63 194 0 175 68 209
700 285 268 257 300 293 320 287 301 318 241
701 270 322 327 677 325 688 750 894 271 332
702 120 99 14 741 124 126 297 404 150 281
705 299 116 120 221 747 236 285 256 126 404
712 271 689 345 302 315 299 257 304 300 332
713 124 117 221 741 256 293 24 287 99 545
717 287 293 124 596 116 257 236 747 0 256
718 14 110 0 150 24 180 124 470 273 221
719 304 302 271 300 339 310 269 299 241 318
721 49 287 120 180 0 257 116 293 221 14
722 49 180 285 99 317 268 293 126 287 299
724 49 287 268 293 747 288 275 267 126 312
725 677 747 124 293 257 596 244 299 741 120
727 49 8 180 0 257 275 287 285 274 110
728 257 258 322 342 325 314 244 288 331 270
729 287 293 285 0 288 126 120 244 221 312
731 268 257 300 241 302 318 301 312 327 332
733 49 482 180 0 356 63 193 513 126 426
734 49 287 274 299 236 293 126 14 267 120
735 8 236 116 99 297 257 507 747 275 545
736 97 55 173 49 99 356 317 203 482 167
738 173 21 293 97 312 49 257 209 190 526
739 257 312 300 332 267 689 244 320 309 326
741 120 126 287 275 285 8 293 256 404 24
742 285 257 241 318 312 244 303 327 332 747
743 99 285 180 97 268 257 317 474 6 173
744 49 171 126 317 356 190 194 55 422 233
745 173 209 194 175 97 21 227 384 120 10
749 257 312 332 288 326 325 689 309 322 306
751 268 332 314 749 330 327 337 681 750 267
752 171 479 126 257 317 97 190 510 602 63
753 120 124 256 293 257 677 299 244 470 49
754 257 327 285 312 332 300 291 306 325 322
758 293 287 747 236 49 244 322 180 288 124
759 150 236 293 96 120 0 14 117 221 70
760 116 120 596 256 124 747 299 297 99 150
761 268 285 257 13 320 267 318 287 274 241
764 275 99 8 268 115 12 474 123 318 282
766 173 602 513 49 479 478 356 524 184 126
767 236 257 293 180 99 221 14 124 254 285
768 236 0 124 221 117 741 287 596 24 180
769 285 99 293 275 256 126 8 236 116 267
770 49 69 299 285 24 268 172 167 110 99
771 257 293 327 747 244 332 285 288 300 268
774 312 300 327 287 302 332 314 288 291 346
776 49 180 317 221 173 120 236 257 63 190
777 95 209 402 180 172 167 21 171 49 175
778 49 0 120 116 293 236 150 99 24 124
779 173 482 49 193 180 513 55 190 479 126
780 49 97 55 293 171 299 356 6 0 11
782 293 325 312 331 681 244 322 747 301 326
783 299 747 287 300 689 288 244 301 293 321
784 257 49 173 171 97 172 285 175 293 268
786 312 300 326 287 339 881 269 331 271 327
788 275 99 6 274 257 149 236 12 13 120
790 257 293 312 747 332 301 267 322 320 325
791 116 124 117 14 741 283 49 236 404 409
792 146 99 110 474 116 6 236 0 741 124
793 257 99 282 267 13 275 287 507 236 301
796 287 257 293 312 677 322 321 244 325 288
798 268 602 299 99 301 126 513 482 180 320
799 257 287 747 0 49 285 120 244 99 116
800 257 312 747 244 331 322 321 342 357 750
801 287 183 97 218 332 636 435 199 182 312
802 299 257 312 300 301 327 318 288 293 332
807 257 268 327 267 326 300 747 288 339 314
808 287 299 293 268 332 49 321 322 244 300
809 257 327 301 747 244 322 321 270 288 309
810 287 312 327 244 321 332 268 325 309 301
811 299 257 332 312 322 321 306 258 309 689
812 299 287 322 325 747 327 677 688 332 306
813 636 669 435 97 443 233 572 440 378 566
815 299 327 332 747 306 322 677 681 270 688
816 287 293 180 116 49 120 299 99 221 256
817 312 268 257 287 339 306 326 332 749 269
818 285 268 257 300 312 269 288 324 271 287
819 299 257 293 327 332 268 285 322 271 244
820 49 221 236 150 126 470 6 24 256 8
821 257 747 293 287 0 327 299 258 312 244
823 299 257 327 747 244 332 312 318 268 689
826 299 268 285 293 327 287 332 288 326 747
828 285 282 275 136 268 581 49 115 85 284
830 293 285 312 288 321 268 270 301 300 750
831 299 287 747 288 332 677 49 312 0 242
833 285 299 236 180 275 288 0 8 747 120
835 186 513 97 178 481 285 301 478 174 197
836 110 8 120 0 49 125 254 99 221 470
837 49 0 221 257 126 293 173 287 268 474
838 8 292 12 99 254 297 14 0 116 126
840 312 257 293 327 750 268 326 321 288 301
841 301 257 749 285 339 326 314 689 300 345
843 173 293 203 171 78 172 287 95 97 221
844 681 339 306 332 269 326 304 287 881 257
848 0 180 49 70 293 116 68 422 78 117
849 49 422 182 434 97 194 0 193 190 495
851 287 116 0 257 221 120 293 747 299 236
852 332 312 321 306 309 681 342 288 689 750
854 922 169 513 18 512 58 268 212 13 885
855 299 327 287 747 293 285 268 244 288 332
856 285 288 287 268 318 303 241 747 300 244
857 257 299 287 293 312 301 327 244 321 332
858 236 814 120 1047 92 863 124 755 273 283
859 268 287 257 241 314 327 318 301 267 320
860 285 581 318 136 69 380 267 268 241 115
864 0 180 49 257 741 221 256 14 287 99
865 285 268 302 257 267 339 300 312 288 310
866 55 171 203 88 99 126 190 131 0 233
868 236 120 254 124 470 8 275 475 257 256
871 299 293 677 120 124 256 116 180 470 221
872 287 312 285 268 327 747 288 301 332 321
873 285 268 257 49 274 99 318 267 8 241
874 317 55 602 285 99 178 126 169 186 268
875 99 13 285 55 11 474 49 268 97 274
876 49 172 99 288 293 55 312 180 287 97
878 120 49 180 470 124 117 24 116 741 404
883 285 13 284 136 318 241 288 123 282 267
884 65 203 392 691 93 215 201 68 7 738
887 284 274 275 99 8 123 530 49 236 318
890 8 12 275 274 120 254 180 99 0 150
892 287 6 120 221 180 117 99 256 299 741
894 120 236 0 99 14 221 257 126 116 256
897 257 268 312 301 293 332 267 327 288 300
899 180 99 49 6 126 221 514 116 0 275
900 49 221 120 0 203 209 150 116 14 293
901 285 287 99 268 126 747 288 321 244 312
902 6 474 10 49 128 116 11 627 126 507
903 948 110 236 87 69 14 274 380 24 691
904 287 49 293 99 180 285 120 116 0 747
905 8 0 49 507 123 126 180 285 236 257
906 0 110 275 236 8 14 844 474 120 49
907 182 173 171 473 602 233 49 174 99 482
908 268 318 284 241 18 136 320 301 257 474
909 49 180 0 257 293 6 126 285 120 275
910 49 180 171 172 194 479 431 132 135 70
911 97 173 356 190 513 182 63 186 27 473
913 69 777 948 380 1040 65 731 48 715 236
914 257 285 747 268 321 288 293 322 244 325
916 99 8 14 236 120 0 110 12 274 292
917 85 196 190 482 69 317 508 477 461 530
919 287 312 257 293 332 326 306 325 268 749
920 49 404 120 150 117 236 221 116 110 596
921 180 203 81 229 422 95 96 78 185 72
922 293 257 120 299 49 677 747 596 221 741
923 49 99 514 180 221 275 8 236 507 317
924 287 293 257 299 312 327 270 357 97 747
925 257 268 312 293 327 301 267 747 300 244
926 120 404 110 24 116 180 0 117 49 470
927 257 287 293 299 750 49 267 99 747 268
928 97 49 171 55 602 180 172 182 356 167
929 49 0 180 236 99 257 221 293 116 14
930 285 299 320 288 312 293 318 300 241 747
934 14 0 116 124 117 49 24 221 180 404
935 285 275 257 292 12 149 99 247 123 6
936 285 99 275 268 318 115 123 13 49 236
937 120 116 117 236 287 49 596 741 0 256
938 124 596 117 747 755 293 925 299 545 677
939 285 257 49 312 268 293 356 126 97 327
940 49 99 287 120 221 293 249 747 0 126
941 293 173 299 257 285 271 198 602 288 258
942 49 78 402 55 221 120 232 173 229 171
