2 427 615 610
3 136 152 7
8 873 332 153
11 780 537 678
16 734 833 539
18 780 779 162
19 329 297 785
26 358 769 348
28 672 277 152
29 667 819 808
30 555 382 72
31 702 25 431
32 615 169 430
33 530 154 172
34 509 782 749
35 450 350 427
36 216 331 756
38 445 228 283
39 228 110 283
40 349 214 747
44 431 264 167
45 25 696 438
46 219 172 569
49 73 525 198
50 733 214 63
52 248 70 102
54 102 713 394
60 588 257 430
65 688 539 163
66 100 56 167
67 713 437 741
70 284 780 375
73 525 634 729
77 734 696 769
79 487 699 513
85 354 445 350
87 146 350 409
92 437 402 230
97 622 332 174
102 181 909 679
104 569 106 819
106 569 809 219
107 671 741 568
110 228 39 546
111 427 350 445
112 103 528 749
113 425 552 337
119 230 25 323
122 337 320 153
123 637 745 214
125 586 427 450
126 701 336 583
128 719 283 427
130 62 78 459
131 114 314 321
132 407 352 809
133 700 771 790
135 375 70 401
136 579 810 508
137 491 13 320
138 226 276 175
139 430 857 754
141 722 625 3
142 783 914 771
145 355 514 610
146 110 228 272
148 39 802 110
149 16 734 833
152 284 780 162
153 337 349 122
154 399 139 872
155 521 685 835
156 140 716 633
161 54 248 688
162 152 780 314
164 461 23 413
165 204 257 383
168 90 152 349
169 32 509 811
170 283 272 110
171 570 743 320
172 46 204 731
174 349 747 736
178 205 862 586
181 102 67 679
182 214 126 701
184 342 122 105
190 283 655 110
191 571 623 103
195 18 522 578
198 525 389 696
201 349 747 70
202 25 431 601
203 46 672 110
204 172 754 361
207 624 214 40
208 364 623 198
210 463 701 7
211 614 315 382
217 314 351 114
218 876 667 881
219 106 569 399
224 262 390 418
225 873 13 295
227 63 780 722
228 110 283 39
230 119 167 437
236 337 685 349
237 758 707 140
239 840 852 361
240 361 399 588
241 598 14 389
244 136 831 163
246 700 328 413
251 595 734 525
257 810 280 60
258 328 736 247
259 350 450 205
260 579 32 729
264 167 431 25
265 734 700 16
271 928 40 685
272 228 170 39
277 672 104 569
280 810 809 430
281 430 809 104
282 41 532 553
283 228 39 655
284 152 106 328
288 713 937 548
299 551 356 481
301 782 280 430
303 705 167 189
305 469 459 226
308 172 426 427
309 130 633 276
316 361 615 852
318 427 751 615
321 314 928 555
332 578 284 575
334 809 106 352
336 126 637 583
339 849 785 209
340 510 723 782
348 489 707 462
349 747 40 214
350 427 259 445
351 314 214 928
352 819 334 546
354 450 85 514
355 228 39 826
357 917 644 211
358 25 705 688
361 852 240 316
363 154 769 364
365 366 367 421
367 366 365 603
368 277 556 176
370 637 745 631
374 134 599 351
375 70 135 747
376 569 284 808
381 295 401 359
383 352 334 588
385 163 717 25
387 545 254 708
389 1 73 198
394 575 440 133
395 163 551 140
399 771 430 809
402 167 431 713
403 808 569 615
407 749 352 104
409 546 530 484
410 745 393 187
411 349 96 236
412 525 323 103
413 925 106 104
414 780 461 487
417 786 630 318
418 70 137 375
419 873 429 672
423 363 73 440
426 350 308 450
427 350 615 751
430 399 771 809
432 672 176 463
433 347 167 551
437 539 230 167
438 525 276 623
439 827 893 57
440 729 696 634
442 104 819 413
443 128 817 350
445 38 283 350
447 450 751 488
460 440 808 303
461 780 152 808
463 391 432 909
466 525 276 175
468 337 236 839
469 226 175 276
470 881 540 274
472 226 78 459
474 546 133 110
476 88 877 683
480 262 747 487
481 769 754 601
482 539 741 688
484 409 361 597
489 462 348 62
490 873 359 295
491 320 315 382
493 102 70 593
501 509 316 782
506 563 673 260
508 809 430 106
509 34 169 204
510 782 32 139
511 152 225 873
512 713 67 119
514 586 450 125
515 284 152 901
516 163 581 202
518 488 723 862
519 167 702 721
521 685 236 155
524 402 167 65
527 338 665 478
528 783 802 754
529 102 622 554
530 361 409 33
538 382 122 468
539 741 734 437
543 807 399 407
545 387 254 366
546 110 39 352
548 163 167 230
549 673 707 579
554 833 679 31
555 349 152 70
556 73 481 593
557 589 130 580
562 54 713 667
563 506 673 395
564 584 827 883
569 106 104 809
570 369 236 337
571 191 389 62
572 744 315 733
573 110 228 655
574 780 555 572
575 273 833 653
577 815 56 840
579 163 551 167
580 130 459 276
581 937 579 431
582 375 685 736
583 126 336 637
588 399 771 430
589 276 226 130
593 16 265 833
595 251 358 634
596 707 14 623
597 484 280 530
598 551 707 716
601 202 579 705
602 376 126 7
603 366 367 365
606 315 493 382
608 696 364 103
610 427 228 586
611 273 941 830
612 572 901 70
613 264 568 721
615 32 427 588
622 849 642 747
625 104 569 219
627 106 569 808
630 427 350 445
632 837 345 123
634 729 525 833
635 539 905 16
640 382 369 941
643 140 293 506
645 427 350 514
646 209 747 624
648 65 579 140
650 46 897 802
651 346 664 688
655 283 228 110
656 16 729 539
661 459 191 732
666 162 314 40
667 756 29 152
669 113 552 397
671 437 107 741
672 106 569 272
673 549 551 579
674 272 391 146
676 202 696 198
677 613 167 568
678 197 209 214
679 575 181 833
680 128 719 33
684 172 823 39
686 399 361 754
687 350 426 99
688 729 431 741
690 574 349 201
691 31 102 554
694 110 427 283
695 573 672 743
699 747 660 780
700 133 742 754
701 126 618 7
702 31 705 167
705 688 729 25
712 205 862 751
713 431 688 167
717 189 163 551
718 394 67 74
719 128 170 228
721 904 741 431
722 747 752 328
724 700 634 833
725 551 140 103
727 519 721 568
728 407 165 749
729 688 634 323
731 172 283 739
733 747 609 349
734 16 539 265
735 643 140 85
736 76 349 40
738 737 850 411
739 826 790 399
741 688 539 31
742 700 525 734
743 321 736 153
744 747 337 699
745 637 300 483
749 407 802 852
751 427 488 99
752 70 152 747
753 264 14 276
754 204 139 361
758 539 167 930
759 332 303 778
760 551 579 716
761 662 389 729
764 135 593 580
766 24 744 622
767 833 45 25
768 551 356 276
769 481 734 634
770 493 250 778
771 399 808 430
774 228 615 132
776 898 152 747
777 714 745 756
778 688 741 729
779 40 747 487
780 152 747 284
782 510 749 32
783 142 771 914
784 231 40 70
786 450 205 862
788 78 276 589
790 399 925 430
791 276 517 25
792 500 276 633
793 16 593 322
796 363 481 169
798 780 672 382
799 601 25 705
800 430 281 852
801 27 366 367
802 39 749 283
807 219 925 872
808 771 399 430
809 106 399 569
810 280 771 399
811 169 34 509
812 501 530 301
813 365 367 366
815 301 528 501
816 25 189 53
817 610 170 283
818 865 650 110
819 104 352 588
820 181 67 785
821 578 778 461
823 154 528 280
826 739 399 407
828 614 135 246
830 508 328 700
831 323 904 579
833 16 729 133
835 703 382 321
836 539 437 734
837 248 70 284
838 191 1 103
840 239 32 852
841 128 427 283
843 483 63 659
844 205 862 712
848 19 258 664
849 631 339 747
851 163 395 385
852 361 749 588
854 382 491 908
855 430 771 686
856 650 724 154
857 139 790 399
858 598 636 140
859 68 162 344
860 908 883 854
864 80 688 904
865 802 170 283
866 487 63 291
868 264 596 276
871 551 163 717
872 807 399 810
873 925 284 672
874 382 176 644
875 390 181 401
876 70 360 513
878 673 579 230
883 908 876 564
884 339 209 849
887 653 186 575
890 14 904 437
892 819 549 581
894 688 65 431
897 46 749 407
899 604 493 873
900 651 19 778
901 328 284 672
902 107 80 799
903 88 873 149
904 721 705 831
905 525 276 438
906 80 42 295
907 96 349 561
908 359 135 593
909 102 741 679
910 312 765 325
911 40 113 464
913 727 151 127
914 783 142 771
916 904 905 568
917 567 644 186
919 125 610 586
920 483 82 470
921 483 829 745
922 358 688 713
923 321 626 13
924 387 366 27
925 413 106 771
926 66 620 331
927 875 941 284
928 349 321 555
929 688 358 67
930 758 437 700
934 230 119 437
935 62 130 459
936 130 78 742
937 163 431 167
938 237 549 696
939 555 780 70
940 702 721 431
941 640 747 574
942 777 745 637
