3 738 2 609 152 162
8 752 207 122 661 604
16 568 734 633 539 741
18 578 475 162 207 378
26 402 167 348 65 769
32 615 316 510 240 543
33 172 154 786 350 774
34 509 852 301 811 749
35 488 450 586 125 588
38 146 110 283 272 355
45 734 656 103 696 438
46 172 219 650 139 148
49 469 149 905 769 73
50 325 487 252 896 214
54 512 36 648 102 745
60 514 334 430 530 723
77 594 524 191 729 623
85 749 354 897 754 445
87 146 586 228 132 810
92 44 288 100 80 437
97 590 207 522 378 739
104 413 352 106 334 281
106 334 807 283 104 39
110 170 546 272 283 573
119 167 934 163 402 713
123 928 478 642 699 756
126 701 602 583 214 403
131 13 295 137 95 70
132 855 133 808 283 165
133 132 808 771 700 588
138 412 469 636 459 734
139 172 219 46 754 684
142 914 615 783 771 543
145 283 148 170 484 110
146 38 283 87 228 786
152 780 252 7 487 747
154 172 823 528 46 363
162 666 40 672 376 628
165 132 855 588 60 399
169 509 528 823 34 771
201 40 5 359 369 624
204 739 749 355 810 771
211 614 84 304 231 353
219 46 139 106 569 754
224 453 90 262 504 233
227 666 628 780 887 672
230 673 713 549 934 548
239 819 588 427 840 586
240 510 318 32 782 807
241 636 598 412 916 1
244 778 44 81 37 629
246 513 474 186 63 767
251 438 905 635 469 734
257 514 409 303 280 355
259 407 488 350 125 586
260 323 506 601 729 687
265 73 734 873 389 130
272 110 546 283 38 170
277 672 573 190 369 201
280 852 723 588 257 809
281 569 807 104 106 219
288 713 100 92 431 402
299 696 56 34 509 158
301 852 430 34 749 508
303 257 588 323 601 440
308 172 450 739 426 46
309 635 107 202 930 462
316 615 334 32 361 352
318 240 586 488 588 782
334 106 352 316 615 104
340 510 852 782 488 240
352 334 228 655 104 819
354 85 450 749 128 205
355 783 111 771 228 38
361 543 316 32 852 807
363 139 154 754 823 172
368 391 213 72 349 104
383 615 427 728 352 840
385 512 358 851 402 816
399 771 588 914 543 484
407 283 751 808 106 39
409 228 546 427 783 111
413 104 352 106 334 808
414 432 47 487 780 747
417 786 826 615 774 110
430 301 569 852 790 60
440 673 394 601 688 133
442 413 28 104 2 815
443 817 132 675 133 78
460 474 650 195 546 897
470 540 641 274 147 329
474 272 133 246 672 132
481 165 77 484 809 323
484 110 546 283 399 148
508 301 430 809 588 488
510 340 782 240 32 852
511 152 155 40 830 609
512 385 54 36 851 136
515 747 474 304 284 699
519 700 707 516 868 673
530 588 350 60 430 239
543 399 361 771 427 528
546 110 272 484 573 655
548 167 402 551 673 230
557 732 580 459 472 135
562 82 21 86 789 54
569 739 749 39 281 430
570 640 201 359 320 369
571 191 62 734 568 364
574 744 537 487 152 780
577 126 334 413 31 579
580 472 936 469 489 557
582 644 314 40 685 176
583 306 482 602 126 63
593 122 16 724 359 295
595 702 705 251 26 323
597 228 240 146 99 872
601 549 167 643 579 673
603 365 366 367 421 813
608 812 198 364 440 62
611 273 677 702 458 673
612 359 572 453 400 665
625 34 509 488 301 749
627 739 308 203 280 809
630 318 484 546 427 610
634 729 790 204 323 139
635 107 251 677 734 702
645 723 257 178 810 165
648 713 54 119 431 140
650 46 865 897 219 172
651 394 810 329 483 673
655 111 228 110 283 148
656 103 833 25 62 633
661 459 734 589 78 62
671 437 305 14 868 568
672 277 110 573 283 872
674 110 908 272 706 672
677 568 890 51 276 635
680 514 60 128 283 205
684 139 148 46 172 219
686 528 399 588 239 361
687 815 350 32 239 280
690 875 555 487 464 941
694 128 110 283 46 219
695 128 573 712 672 719
699 678 537 736 737 747
700 272 742 133 936 1
701 126 60 501 544 165
705 721 702 402 904 533
719 170 128 283 573 447
721 705 613 524 347 904
722 747 699 513 837 464
724 702 389 593 790 769
725 65 140 579 707 623
727 721 119 198 613 702
728 403 383 501 60 800
731 172 739 450 139 754
735 556 781 648 54 901
736 699 737 526 213 537
739 172 569 731 204 46
741 31 568 431 25 16
742 936 459 412 700 1
743 457 321 662 574 665
753 14 636 264 758 633
758 14 237 119 167 673
761 876 729 375 323 88
764 135 593 70 679 295
768 140 524 31 103 25
771 783 399 355 855 543
774 826 190 104 111 352
776 209 691 747 537 212
778 289 629 56 244 900
782 510 240 754 610 488
783 355 771 914 111 855
784 40 96 928 911 487
788 469 226 741 466 78
790 430 739 301 634 323
793 606 580 764 741 295
796 790 686 481 154 363
798 468 359 752 493 79
799 601 643 119 878 167
800 281 728 809 403 501
802 749 865 430 445 569
807 106 281 543 240 352
808 132 133 925 407 352
809 399 106 132 771 569
810 872 355 771 399 204
811 509 34 450 823 308
812 501 280 608 723 530
813 365 367 366 616 603
815 687 543 2 771 32
816 293 402 53 922 385
817 283 443 111 841 655
818 474 77 562 805 481
819 239 588 352 427 132
821 676 864 794 274 69
823 509 154 139 172 169
826 774 615 514 99 111
831 509 139 823 169 458
836 539 437 568 51 707
840 239 383 352 427 430
841 228 817 751 712 409
844 514 205 712 283 680
848 346 19 116 605 631
854 584 320 908 883 256
855 771 783 132 165 355
856 557 198 769 389 419
857 872 742 46 445 790
858 598 341 433 524 623
860 436 854 454 183 499
865 110 283 46 802 650
868 671 519 894 437 539
872 810 672 857 597 355
873 265 375 472 382 122
875 526 555 690 5 9
878 167 230 673 437 713
883 908 564 120 584 876
887 79 227 375 344 186
890 677 276 14 1 589
894 230 62 568 25 713
897 85 650 407 569 104
899 600 247 114 291 490
901 359 391 479 5 478
903 592 127 876 242 587
904 633 734 705 623 721
905 633 734 276 517 251
908 883 315 854 584 650
909 322 741 401 102 119
911 150 730 17 388 137
913 727 903 592 638 150
914 783 142 399 528 543
916 156 589 276 539 702
919 352 427 240 361 518
924 371 801 510 27 254
925 808 739 106 46 139
927 941 835 470 464 709
928 349 321 40 113 96
929 437 653 177 458 729
930 700 237 758 1 14
934 119 230 437 551 167
936 742 130 459 412 1
938 202 237 691 778 31
940 202 816 489 702 741
