2 361 615 774
3 738 2 609
8 752 207 122
11 127 537 310
16 568 734 633
18 578 475 162
19 229 394 881
26 402 167 348
28 442 30 780
29 94 306 810
30 566 28 238
31 431 688 25
32 615 316 510
33 172 154 786
34 509 852 301
35 488 450 586
36 216 618 512
38 146 110 283
39 283 427 749
40 747 487 162
44 74 100 347
45 734 656 103
46 172 219 650
49 469 149 905
50 325 487 252
52 250 177 402
54 512 36 648
60 514 334 430
65 140 167 539
66 100 56 288
67 702 264 167
70 213 295 84
73 525 265 904
77 594 524 191
79 780 747 155
85 749 354 897
87 146 586 228
92 44 288 100
97 590 207 522
102 54 230 604
104 413 352 106
106 334 807 283
107 635 167 734
110 170 546 272
111 655 355 783
112 734 769 472
113 236 349 665
119 167 934 163
122 382 89 320
123 928 478 642
125 610 586 488
126 701 602 583
128 283 719 694
130 1 936 589
131 13 295 137
132 855 133 808
133 132 808 771
135 143 295 764
136 512 601 199
137 320 236 150
138 412 469 636
139 172 219 46
141 722 28 72
142 914 615 783
145 283 148 170
146 38 283 87
148 655 283 46
149 469 49 568
152 780 252 7
153 526 213 40
154 172 823 528
155 491 382 79
156 103 623 636
161 446 54 159
162 666 40 672
164 830 152 487
165 132 855 588
168 90 262 47
169 509 528 823
170 283 110 719
171 473 743 457
172 46 739 450
174 631 187 229
178 546 239 99
181 67 401 250
182 745 637 345
184 359 9 105
190 774 228 573
191 571 559 77
195 522 246 590
198 16 769 62
201 40 5 359
202 31 431 702
203 627 148 265
204 739 749 355
207 578 209 332
208 78 364 198
210 493 744 697
211 614 84 304
217 351 314 326
218 333 542 646
219 46 139 106
224 453 90 262
225 401 744 679
227 666 628 780
228 655 409 111
230 673 713 549
236 311 5 238
237 551 758 230
239 819 588 427
240 510 318 32
241 636 598 412
244 778 44 81
246 513 474 186
251 438 905 635
257 514 409 303
258 286 197 215
259 407 488 350
260 323 506 601
264 167 140 67
265 73 734 873
271 685 307 521
272 110 546 283
277 672 573 190
280 852 723 588
281 569 807 104
282 578 864 794
283 170 110 751
284 70 40 413
288 713 100 92
299 696 56 34
301 852 430 34
303 257 588 323
305 671 130 568
308 172 450 739
309 635 107 202
316 615 334 32
318 240 586 488
321 566 928 113
332 207 400 72
334 106 352 316
336 289 43 483
339 715 297 24
340 510 852 782
348 517 633 402
349 291 96 113
350 445 588 427
351 292 248 314
352 334 228 655
354 85 450 749
355 783 111 771
357 584 644 854
358 688 385 293
361 543 316 32
363 139 154 754
365 367 366 813
367 366 365 813
368 391 213 72
370 637 406 325
374 134 420 371
375 88 873 186
376 162 27 214
381 322 153 390
383 615 427 728
385 512 358 851
387 545 705 367
389 734 265 724
394 19 483 230
395 163 189 717
399 771 588 914
402 167 356 119
403 728 430 427
407 283 751 808
409 228 546 427
410 63 214 370
411 526 631 96
412 734 936 742
413 104 352 106
414 432 47 487
417 786 826 615
418 359 320 552
419 490 382 873
423 389 198 440
426 450 172 308
427 586 39 383
430 301 569 852
432 780 463 414
433 100 347 551
437 671 167 230
438 103 734 568
439 827 146 876
440 673 394 601
442 413 28 104
443 817 132 675
445 350 754 484
447 110 283 170
460 474 650 195
461 509 133 771
463 790 432 301
466 623 500 469
468 798 236 697
469 226 788 175
470 540 641 274
472 459 469 226
474 272 133 246
476 151 88 173
480 747 624 487
481 165 77 484
482 583 126 602
484 110 546 283
489 462 469 459
490 130 457 295
491 155 122 320
493 390 593 798
501 588 728 812
506 563 260 673
508 301 430 809
509 34 811 169
510 340 782 240
511 152 155 40
512 385 54 36
514 60 257 826
515 747 474 304
516 713 440 519
518 488 723 862
519 700 707 516
521 685 307 526
524 551 713 568
527 487 737 214
528 754 399 169
529 574 64 780
530 588 350 60
538 666 122 382
539 568 431 833
543 399 361 771
545 367 254 366
546 110 272 484
548 167 402 551
549 673 230 601
554 679 668 864
555 835 47 567
556 735 213 391
557 732 580 459
562 82 21 86
563 506 163 395
564 584 883 828
569 739 749 39
570 640 201 359
571 191 62 734
572 473 291 744
573 110 170 546
574 744 537 487
575 273 729 375
577 126 334 413
579 167 163 356
580 472 936 469
581 25 500 293
582 644 314 40
583 306 482 602
588 399 819 239
589 130 276 732
593 122 16 724
595 702 705 251
596 551 264 167
597 228 240 146
598 551 433 323
601 549 167 643
602 126 214 583
603 365 366 367
606 320 337 84
608 812 198 364
610 125 239 782
611 273 677 702
612 359 572 453
613 721 100 347
615 32 316 383
622 397 532 102
625 34 509 488
627 739 308 203
630 318 484 546
632 98 755 486
634 729 790 204
635 107 251 677
640 238 570 382
643 601 799 163
645 723 257 178
646 483 849 748
648 713 54 119
650 46 865 897
651 394 810 329
655 111 228 110
656 103 833 25
661 459 734 589
666 162 538 382
667 196 277 352
669 715 730 236
671 437 305 14
672 277 110 573
673 230 549 713
674 110 908 272
676 16 601 202
677 568 890 51
678 699 520 780
679 295 225 401
680 514 60 128
684 139 148 46
686 528 399 588
687 815 350 32
688 31 431 358
690 875 555 487
691 209 689 671
694 128 110 283
695 128 573 712
699 678 537 736
700 272 742 133
701 126 60 501
702 67 167 402
705 721 702 402
712 205 751 514
713 100 230 524
717 395 163 713
718 604 235 64
719 170 128 283
721 705 613 524
722 747 699 513
724 702 389 593
725 65 140 579
727 721 119 198
728 403 383 501
729 323 431 833
731 172 739 450
733 400 609 453
734 568 633 16
735 556 781 648
736 699 737 526
738 752 3 252
739 172 569 731
741 31 568 431
742 936 459 412
743 457 321 662
744 5 574 291
745 483 637 756
749 754 852 34
751 283 110 228
752 90 168 47
753 14 636 264
754 586 749 445
758 14 237 119
759 261 592 795
760 551 596 548
761 876 729 375
764 135 593 70
766 487 47 236
767 653 343 431
768 140 524 31
769 323 16 62
770 877 722 513
771 783 399 355
774 826 190 104
776 209 691 747
777 642 452 93
778 289 629 56
779 703 487 297
780 152 747 628
782 510 240 754
783 355 771 914
784 40 96 928
786 205 862 723
788 469 226 741
790 430 739 301
791 276 517 402
792 500 594 431
793 606 580 764
796 790 686 481
798 468 359 752
799 601 643 119
800 281 728 809
801 27 365 20
802 749 865 430
807 106 281 543
808 132 133 925
809 399 106 132
810 872 355 771
811 509 34 450
812 501 280 608
813 365 367 366
815 687 543 2
816 293 402 53
817 283 443 111
818 474 77 562
819 239 588 352
820 329 19 785
821 676 864 794
823 509 154 139
826 774 615 514
828 564 883 298
830 284 177 142
831 509 139 823
833 539 103 729
835 555 213 349
836 539 437 568
837 22 63 722
838 732 469 276
840 239 383 352
841 228 817 751
843 63 520 296
844 514 205 712
848 346 19 116
849 487 400 339
851 512 385 358
852 301 34 749
854 584 320 908
855 771 783 132
856 557 198 769
857 872 742 46
858 598 341 433
859 476 344 272
860 436 854 454
864 80 74 31
865 110 283 46
866 349 487 747
868 671 519 894
871 395 717 100
872 810 672 857
873 265 375 472
874 213 555 408
875 526 555 690
876 882 61 638
878 167 230 673
883 908 564 120
884 540 372 42
887 79 227 375
890 677 276 14
892 331 116 108
894 230 62 568
897 85 650 407
899 600 247 114
900 289 778 147
901 359 391 479
902 773 657 212
903 592 127 876
904 633 734 705
905 633 734 276
906 67 838 80
907 9 743 552
908 883 315 854
909 322 741 401
910 69 229 324
911 150 730 17
913 727 903 592
914 783 142 399
916 156 589 276
917 534 84 538
919 352 427 240
920 483 704 641
921 55 108 91
922 816 713 293
923 13 225 295
924 371 801 510
925 808 739 106
926 620 471 483
927 941 835 470
928 349 321 40
929 437 653 177
930 700 237 758
934 119 230 437
935 175 62 226
936 742 130 459
937 347 167 551
938 202 237 691
939 609 747 152
940 202 816 489
941 733 703 498
942 585 93 550
