2 361 615 774 807 106
3 738 2 609 152 162
8 752 207 122 661 604
11 127 537 310 162 592
16 568 734 633 539 741
18 578 475 162 207 378
19 229 394 881 289 329
26 402 167 348 65 769
28 442 30 780 709 176
29 94 306 810 667 808
30 566 28 238 835 349
31 431 688 25 741 623
32 615 316 510 240 543
33 172 154 786 350 774
34 509 852 301 811 749
35 488 450 586 125 588
36 216 618 512 345 670
38 146 110 283 272 355
39 283 427 749 569 228
40 747 487 162 378 201
44 74 100 347 431 568
45 734 656 103 696 438
46 172 219 650 139 148
49 469 149 905 769 73
50 325 487 252 896 214
52 250 177 402 688 512
54 512 36 648 102 745
60 514 334 430 530 723
65 140 167 539 431 579
66 100 56 288 713 402
67 702 264 167 181 402
70 213 295 84 291 72
73 525 265 904 734 16
77 594 524 191 729 623
79 780 747 155 382 473
85 749 354 897 754 445
87 146 586 228 132 810
92 44 288 100 80 437
97 590 207 522 378 739
102 54 230 604 713 894
104 413 352 106 334 281
106 334 807 283 104 39
107 635 167 734 568 702
110 170 546 272 283 573
111 655 355 783 228 283
112 734 769 472 172 46
113 236 349 665 644 96
119 167 934 163 402 713
122 382 89 320 538 150
123 928 478 642 699 756
125 610 586 488 407 723
126 701 602 583 214 403
128 283 719 694 350 111
130 1 936 589 78 490
131 13 295 137 95 70
132 855 133 808 283 165
133 132 808 771 700 588
135 143 295 764 359 70
136 512 601 199 54 629
137 320 236 150 122 5
138 412 469 636 459 734
139 172 219 46 754 684
141 722 28 72 176 912
142 914 615 783 771 543
145 283 148 170 484 110
146 38 283 87 228 786
148 655 283 46 110 573
149 469 49 568 16 276
152 780 252 7 487 747
153 526 213 40 9 307
154 172 823 528 46 363
155 491 382 79 685 780
156 103 623 636 53 276
161 446 54 159 346 452
162 666 40 672 376 628
164 830 152 487 478 866
165 132 855 588 60 399
168 90 262 47 752 487
169 509 528 823 34 771
170 283 110 719 447 573
171 473 743 457 9 746
172 46 739 450 731 139
174 631 187 229 692 307
178 546 239 99 110 38
181 67 401 250 702 467
182 745 637 345 483 214
184 359 9 105 467 612
190 774 228 573 111 110
191 571 559 77 62 894
195 522 246 590 467 88
198 16 769 62 727 462
201 40 5 359 369 624
202 31 431 702 741 167
203 627 148 265 666 359
204 739 749 355 810 771
207 578 209 332 480 590
208 78 364 198 443 130
210 493 744 697 262 423
211 614 84 304 231 353
217 351 314 326 9 292
218 333 542 646 660 522
219 46 139 106 569 754
224 453 90 262 504 233
225 401 744 679 135 295
227 666 628 780 887 672
228 655 409 111 352 427
230 673 713 549 934 548
236 311 5 238 337 567
237 551 758 230 707 437
239 819 588 427 840 586
240 510 318 32 782 807
241 636 598 412 916 1
244 778 44 81 37 629
246 513 474 186 63 767
251 438 905 635 469 734
257 514 409 303 280 355
258 286 197 215 452 116
259 407 488 350 125 586
260 323 506 601 729 687
264 167 140 67 702 551
265 73 734 873 389 130
271 685 307 521 95 526
272 110 546 283 38 170
277 672 573 190 369 201
280 852 723 588 257 809
281 569 807 104 106 219
282 578 864 794 209 92
283 170 110 751 272 39
284 70 40 413 747 830
288 713 100 92 431 402
299 696 56 34 509 158
301 852 430 34 749 508
303 257 588 323 601 440
305 671 130 568 265 226
308 172 450 739 426 46
309 635 107 202 930 462
316 615 334 32 361 352
318 240 586 488 588 782
321 566 928 113 351 155
332 207 400 72 480 487
334 106 352 316 615 104
336 289 43 483 532 199
339 715 297 24 849 372
340 510 852 782 488 240
348 517 633 402 226 905
349 291 96 113 236 90
350 445 588 427 239 754
351 292 248 314 370 420
352 334 228 655 104 819
354 85 450 749 128 205
355 783 111 771 228 38
357 584 644 854 468 555
358 688 385 293 25 53
361 543 316 32 852 807
363 139 154 754 823 172
365 367 366 813 603 616
367 366 365 813 27 545
368 391 213 72 349 104
370 637 406 325 649 300
374 134 420 371 441 351
375 88 873 186 79 70
376 162 27 214 420 63
381 322 153 390 68 122
383 615 427 728 352 840
385 512 358 851 402 816
387 545 705 367 421 20
389 734 265 724 905 423
394 19 483 230 704 400
395 163 189 717 119 53
399 771 588 914 543 484
402 167 356 119 702 100
403 728 430 427 800 257
407 283 751 808 106 39
409 228 546 427 783 111
410 63 214 370 378 40
411 526 631 96 40 351
412 734 936 742 525 485
413 104 352 106 334 808
414 432 47 487 780 747
417 786 826 615 774 110
418 359 320 552 566 744
419 490 382 873 238 131
423 389 198 440 727 493
426 450 172 308 46 731
427 586 39 383 228 723
430 301 569 852 790 60
432 780 463 414 591 284
433 100 347 551 356 598
437 671 167 230 934 836
438 103 734 568 251 62
439 827 146 876 893 564
440 673 394 601 688 133
442 413 28 104 2 815
443 817 132 675 133 78
445 350 754 484 802 172
447 110 283 170 148 272
460 474 650 195 546 897
461 509 133 771 487 808
463 790 432 301 901 481
466 623 500 469 175 103
468 798 236 697 337 311
469 226 788 175 149 472
470 540 641 274 147 329
472 459 469 226 580 175
474 272 133 246 672 132
476 151 88 173 344 377
480 747 624 487 207 209
481 165 77 484 809 323
482 583 126 602 930 306
484 110 546 283 399 148
489 462 469 459 62 226
490 130 457 295 419 382
491 155 122 320 473 382
493 390 593 798 487 604
501 588 728 812 586 488
506 563 260 673 165 440
508 301 430 809 588 488
509 34 811 169 823 831
510 340 782 240 32 852
511 152 155 40 830 609
512 385 54 36 851 136
514 60 257 826 355 680
515 747 474 304 284 699
516 713 440 519 768 103
518 488 723 862 919 427
519 700 707 516 868 673
521 685 307 526 271 113
524 551 713 568 100 140
527 487 737 214 284 515
528 754 399 169 686 154
529 574 64 780 273 79
530 588 350 60 430 239
538 666 122 382 150 17
539 568 431 833 729 688
543 399 361 771 427 528
545 367 254 366 387 27
546 110 272 484 573 655
548 167 402 551 673 230
549 673 230 601 548 551
554 679 668 864 80 741
555 835 47 567 349 236
556 735 213 391 901 591
557 732 580 459 472 135
562 82 21 86 789 54
563 506 163 395 53 512
564 584 883 828 827 606
569 739 749 39 281 430
570 640 201 359 320 369
571 191 62 734 568 364
572 473 291 744 235 295
573 110 170 546 148 190
574 744 537 487 152 780
575 273 729 375 664 88
577 126 334 413 31 579
579 167 163 356 140 65
580 472 936 469 489 557
581 25 500 293 31 594
582 644 314 40 685 176
583 306 482 602 126 63
588 399 819 239 586 350
589 130 276 732 568 16
593 122 16 724 359 295
595 702 705 251 26 323
596 551 264 167 140 769
597 228 240 146 99 872
598 551 433 323 524 858
601 549 167 643 579 673
602 126 214 583 306 274
603 365 366 367 421 813
606 320 337 84 270 638
608 812 198 364 440 62
610 125 239 782 694 655
611 273 677 702 458 673
612 359 572 453 400 665
613 721 100 347 524 705
615 32 316 383 142 334
622 397 532 102 637 370
625 34 509 488 301 749
627 739 308 203 280 809
630 318 484 546 427 610
632 98 755 486 345 331
634 729 790 204 323 139
635 107 251 677 734 702
640 238 570 382 320 369
643 601 799 163 167 509
645 723 257 178 810 165
646 483 849 748 177 19
648 713 54 119 431 140
650 46 865 897 219 172
651 394 810 329 483 673
655 111 228 110 283 148
656 103 833 25 62 633
661 459 734 589 78 62
666 162 538 382 122 628
667 196 277 352 808 882
669 715 730 236 337 697
671 437 305 14 868 568
672 277 110 573 283 872
673 230 549 713 167 119
674 110 908 272 706 672
676 16 601 202 741 702
677 568 890 51 276 635
678 699 520 780 23 747
679 295 225 401 143 936
680 514 60 128 283 205
684 139 148 46 172 219
686 528 399 588 239 361
687 815 350 32 239 280
688 31 431 358 696 539
690 875 555 487 464 941
691 209 689 671 317 532
694 128 110 283 46 219
695 128 573 712 672 719
699 678 537 736 737 747
700 272 742 133 936 1
701 126 60 501 544 165
702 67 167 402 431 264
705 721 702 402 904 533
712 205 751 514 774 826
713 100 230 524 431 119
717 395 163 713 100 356
718 604 235 64 592 553
719 170 128 283 573 447
721 705 613 524 347 904
722 747 699 513 837 464
724 702 389 593 790 769
725 65 140 579 707 623
727 721 119 198 613 702
728 403 383 501 60 800
729 323 431 833 539 634
731 172 739 450 139 754
733 400 609 453 127 343
734 568 633 16 412 226
735 556 781 648 54 901
736 699 737 526 213 537
738 752 3 252 609 297
739 172 569 731 204 46
741 31 568 431 25 16
742 936 459 412 700 1
743 457 321 662 574 665
744 5 574 291 572 552
745 483 637 756 345 300
749 754 852 34 802 569
751 283 110 228 407 39
752 90 168 47 262 572
753 14 636 264 758 633
754 586 749 445 528 139
758 14 237 119 167 673
759 261 592 795 222 664
760 551 596 548 702 493
761 876 729 375 323 88
764 135 593 70 679 295
766 487 47 236 574 311
767 653 343 431 713 833
768 140 524 31 103 25
769 323 16 62 175 568
770 877 722 513 94 42
771 783 399 355 855 543
774 826 190 104 111 352
776 209 691 747 537 212
777 642 452 93 215 275
778 289 629 56 244 900
779 703 487 297 40 390
780 152 747 628 79 685
782 510 240 754 610 488
783 355 771 914 111 855
784 40 96 928 911 487
786 205 862 723 280 514
788 469 226 741 466 78
790 430 739 301 634 323
791 276 517 402 633 80
792 500 594 431 466 469
793 606 580 764 741 295
796 790 686 481 154 363
798 468 359 752 493 79
799 601 643 119 878 167
800 281 728 809 403 501
801 27 365 20 367 366
802 749 865 430 445 569
807 106 281 543 240 352
808 132 133 925 407 352
809 399 106 132 771 569
810 872 355 771 399 204
811 509 34 450 823 308
812 501 280 608 723 530
813 365 367 366 616 603
815 687 543 2 771 32
816 293 402 53 922 385
817 283 443 111 841 655
818 474 77 562 805 481
819 239 588 352 427 132
820 329 19 785 483 297
821 676 864 794 274 69
823 509 154 139 172 169
826 774 615 514 99 111
828 564 883 298 328 234
830 284 177 142 164 152
831 509 139 823 169 458
833 539 103 729 25 568
835 555 213 349 703 709
836 539 437 568 51 707
837 22 63 722 225 699
838 732 469 276 769 539
840 239 383 352 427 430
841 228 817 751 712 409
843 63 520 296 246 483
844 514 205 712 283 680
848 346 19 116 605 631
849 487 400 339 312 297
851 512 385 358 356 579
852 301 34 749 488 280
854 584 320 908 883 256
855 771 783 132 165 355
856 557 198 769 389 419
857 872 742 46 445 790
858 598 341 433 524 623
859 476 344 272 691 18
860 436 854 454 183 499
864 80 74 31 53 282
865 110 283 46 802 650
866 349 487 747 40 492
868 671 519 894 437 539
871 395 717 100 222 347
872 810 672 857 597 355
873 265 375 472 382 122
874 213 555 408 644 709
875 526 555 690 5 9
876 882 61 638 565 88
878 167 230 673 437 713
883 908 564 120 584 876
884 540 372 42 55 329
887 79 227 375 344 186
890 677 276 14 1 589
892 331 116 108 286 705
894 230 62 568 25 713
897 85 650 407 569 104
899 600 247 114 291 490
900 289 778 147 199 652
901 359 391 479 5 478
902 773 657 212 271 373
903 592 127 876 242 587
904 633 734 705 623 721
905 633 734 276 517 251
906 67 838 80 592 767
907 9 743 552 405 665
908 883 315 854 584 650
909 322 741 401 102 119
910 69 229 324 22 470
911 150 730 17 388 137
913 727 903 592 638 150
914 783 142 399 528 543
916 156 589 276 539 702
917 534 84 538 839 353
919 352 427 240 361 518
920 483 704 641 881 576
921 55 108 91 456 43
922 816 713 293 346 98
923 13 225 295 572 622
924 371 801 510 27 254
925 808 739 106 46 139
926 620 471 483 789 66
927 941 835 470 464 709
928 349 321 40 113 96
929 437 653 177 458 729
930 700 237 758 1 14
934 119 230 437 551 167
935 175 62 226 500 769
936 742 130 459 412 1
937 347 167 551 100 356
938 202 237 691 778 31
939 609 747 152 400 798
940 202 816 489 702 741
941 733 703 498 297 927
942 585 93 550 681 626
