3 738 2 609
8 752 207 122
16 568 734 633
18 578 475 162
26 402 167 348
32 615 316 510
33 172 154 786
34 509 852 301
35 488 450 586
38 146 110 283
45 734 656 103
46 172 219 650
49 469 149 905
50 325 487 252
54 512 36 648
60 514 334 430
77 594 524 191
85 749 354 897
87 146 586 228
92 44 288 100
97 590 207 522
104 413 352 106
106 334 807 283
110 170 546 272
119 167 934 163
123 928 478 642
126 701 602 583
131 13 295 137
132 855 133 808
133 132 808 771
138 412 469 636
139 172 219 46
142 914 615 783
145 283 148 170
146 38 283 87
152 780 252 7
154 172 823 528
162 666 40 672
165 132 855 588
169 509 528 823
201 40 5 359
204 739 749 355
211 614 84 304
219 46 139 106
224 453 90 262
227 666 628 780
230 673 713 549
239 819 588 427
240 510 318 32
241 636 598 412
244 778 44 81
246 513 474 186
251 438 905 635
257 514 409 303
259 407 488 350
260 323 506 601
265 73 734 873
272 110 546 283
277 672 573 190
280 852 723 588
281 569 807 104
288 713 100 92
299 696 56 34
301 852 430 34
303 257 588 323
308 172 450 739
309 635 107 202
316 615 334 32
318 240 586 488
334 106 352 316
340 510 852 782
352 334 228 655
354 85 450 749
355 783 111 771
361 543 316 32
363 139 154 754
368 391 213 72
383 615 427 728
385 512 358 851
399 771 588 914
407 283 751 808
409 228 546 427
413 104 352 106
414 432 47 487
417 786 826 615
430 301 569 852
440 673 394 601
442 413 28 104
443 817 132 675
460 474 650 195
470 540 641 274
474 272 133 246
481 165 77 484
484 110 546 283
508 301 430 809
510 340 782 240
511 152 155 40
512 385 54 36
515 747 474 304
519 700 707 516
530 588 350 60
543 399 361 771
546 110 272 484
548 167 402 551
557 732 580 459
562 82 21 86
569 739 749 39
570 640 201 359
571 191 62 734
574 744 537 487
577 126 334 413
580 472 936 469
582 644 314 40
583 306 482 602
593 122 16 724
595 702 705 251
597 228 240 146
601 549 167 643
603 365 366 367
608 812 198 364
611 273 677 702
612 359 572 453
625 34 509 488
627 739 308 203
630 318 484 546
634 729 790 204
635 107 251 677
645 723 257 178
648 713 54 119
650 46 865 897
651 394 810 329
655 111 228 110
656 103 833 25
661 459 734 589
671 437 305 14
672 277 110 573
674 110 908 272
677 568 890 51
680 514 60 128
684 139 148 46
686 528 399 588
687 815 350 32
690 875 555 487
694 128 110 283
695 128 573 712
699 678 537 736
700 272 742 133
701 126 60 501
705 721 702 402
719 170 128 283
721 705 613 524
722 747 699 513
724 702 389 593
725 65 140 579
727 721 119 198
728 403 383 501
731 172 739 450
735 556 781 648
736 699 737 526
739 172 569 731
741 31 568 431
742 936 459 412
743 457 321 662
753 14 636 264
758 14 237 119
761 876 729 375
764 135 593 70
768 140 524 31
771 783 399 355
774 826 190 104
776 209 691 747
778 289 629 56
782 510 240 754
783 355 771 914
784 40 96 928
788 469 226 741
790 430 739 301
793 606 580 764
796 790 686 481
798 468 359 752
799 601 643 119
800 281 728 809
802 749 865 430
807 106 281 543
808 132 133 925
809 399 106 132
810 872 355 771
811 509 34 450
812 501 280 608
813 365 367 366
815 687 543 2
816 293 402 53
817 283 443 111
818 474 77 562
819 239 588 352
821 676 864 794
823 509 154 139
826 774 615 514
831 509 139 823
836 539 437 568
840 239 383 352
841 228 817 751
844 514 205 712
848 346 19 116
854 584 320 908
855 771 783 132
856 557 198 769
857 872 742 46
858 598 341 433
860 436 854 454
865 110 283 46
868 671 519 894
872 810 672 857
873 265 375 472
875 526 555 690
878 167 230 673
883 908 564 120
887 79 227 375
890 677 276 14
894 230 62 568
897 85 650 407
899 600 247 114
901 359 391 479
903 592 127 876
904 633 734 705
905 633 734 276
908 883 315 854
909 322 741 401
911 150 730 17
913 727 903 592
914 783 142 399
916 156 589 276
919 352 427 240
924 371 801 510
925 808 739 106
927 941 835 470
928 349 321 40
929 437 653 177
930 700 237 758
934 119 230 437
936 742 130 459
938 202 237 691
940 202 816 489
