0 296 22 386
1 130 14 936
2 361 615 774
3 738 2 609
4 55 921 544
5 236 320 337
6 325 842 312
7 196 599 825
8 752 207 122
9 307 526 405
10 88 710 42
11 127 537 310
12 367 616 406
13 295 131 137
14 636 1 412
15 292 631 428
16 568 734 633
17 150 84 186
18 578 475 162
19 229 394 881
20 421 366 254
21 101 647 620
22 63 306 379
23 64 215 197
24 697 339 297
25 431 581 31
26 402 167 348
27 367 842 366
28 442 30 780
29 94 306 810
30 566 28 238
31 431 688 25
32 615 316 510
33 172 154 786
34 509 852 301
35 488 450 586
36 216 618 512
37 253 471 544
38 146 110 283
39 283 427 749
40 747 487 162
41 553 592 329
42 553 587 329
43 214 649 494
44 74 100 347
45 734 656 103
46 172 219 650
47 168 90 487
48 804 285 416
49 469 149 905
50 325 487 252
51 568 401 539
52 250 177 402
53 293 25 431
54 512 36 648
55 221 108 393
56 74 713 431
57 326 298 304
58 307 405 523
59 311 307 552
60 514 334 430
61 342 456 93
62 568 734 741
63 214 22 306
64 127 537 186
65 140 167 539
66 100 56 288
67 702 264 167
68 322 591 466
69 274 306 43
70 213 295 84
71 193 692 523
72 644 747 70
73 525 265 904
74 44 402 56
75 176 117 772
76 492 247 291
77 594 524 191
78 130 734 788
79 780 747 155
80 74 44 568
81 297 24 58
82 629 562 553
83 532 629 553
84 534 17 379
85 749 354 897
86 689 21 300
87 146 586 228
88 375 344 360
89 382 536 122
90 262 168 487
91 108 456 221
92 44 288 100
93 428 275 245
94 814 199 289
95 307 236 526
96 349 236 291
97 590 207 522
98 662 53 705
99 586 615 427
100 356 551 347
101 544 496 216
102 54 230 604
103 623 833 31
104 413 352 106
105 638 270 71
106 334 807 283
107 635 167 734
108 221 91 300
109 486 475 196
110 170 546 272
111 655 355 783
112 734 769 472
113 236 349 665
114 457 521 159
115 391 334 510
116 346 293 98
117 367 365 366
118 717 98 767
119 167 934 163
120 883 16 70
121 342 186 84
122 382 89 320
123 928 478 642
124 475 21 335
125 610 586 488
126 701 602 583
127 449 592 310
128 283 719 694
129 471 275 331
130 1 936 589
131 13 295 137
132 855 133 808
133 132 808 771
134 351 374 441
135 143 295 764
136 512 601 199
137 320 236 150
138 412 469 636
139 172 219 46
140 551 163 167
141 722 28 72
142 914 615 783
143 135 359 295
144 255 545 254
145 283 148 170
146 38 283 87
147 814 24 464
148 655 283 46
149 469 49 568
150 17 534 84
151 592 683 476
152 780 252 7
153 526 213 40
154 172 823 528
155 491 382 79
156 103 623 636
157 637 745 599
158 551 937 629
159 161 247 401
160 5 337 270
161 446 54 159
162 666 40 672
163 395 140 167
164 830 152 487
165 132 855 588
166 669 715 80
167 551 402 548
168 90 262 47
169 509 528 823
170 283 110 719
171 473 743 457
172 46 739 450
173 335 151 42
174 631 187 229
175 623 469 466
176 591 644 780
177 346 486 631
178 546 239 99
179 93 61 710
180 356 533 485
181 67 401 250
182 745 637 345
183 84 436 268
184 359 9 105
185 373 331 255
186 17 638 513
187 553 331 592
188 320 311 697
189 422 395 163
190 774 228 573
191 571 559 77
192 392 471 300
193 397 310 270
194 496 794 164
195 522 246 590
196 599 7 618
197 248 296 93
198 16 769 62
199 289 274 704
200 536 93 342
201 40 5 359
202 31 431 702
203 627 148 265
204 739 749 355
205 712 786 862
206 537 467 177
207 578 209 332
208 78 364 198
209 406 388 378
210 493 744 697
211 614 84 304
212 370 58 307
213 70 591 326
214 63 43 649
215 452 541 714
216 618 36 670
217 351 314 326
218 333 542 646
219 46 139 106
220 452 681 441
221 55 108 91
222 458 264 551
223 592 377 121
224 453 90 262
225 401 744 679
226 469 734 568
227 666 628 780
228 655 409 111
229 312 297 19
230 673 713 549
231 213 40 5
232 315 464 320
233 425 311 552
234 337 186 304
235 297 532 453
236 311 5 238
237 551 758 230
238 236 369 566
239 819 588 427
240 510 318 32
241 636 598 412
242 64 88 17
243 61 221 714
244 778 44 81
245 393 275 416
246 513 474 186
247 291 76 492
248 296 351 197
249 296 176 386
250 346 688 181
251 438 905 635
252 152 487 609
253 274 289 649
254 366 20 545
255 373 331 553
256 78 854 883
257 514 409 303
258 286 197 215
259 407 488 350
260 323 506 601
261 42 435 587
262 90 453 487
263 314 326 360
264 167 140 67
265 73 734 873
266 267 416 300
267 416 266 275
268 307 405 183
269 360 502 499
270 523 532 473
271 685 307 521
272 110 546 283
273 763 592 437
274 289 69 199
275 393 416 756
276 568 633 539
277 672 573 190
278 21 267 620
279 553 592 377
280 852 723 588
281 569 807 104
282 578 864 794
283 170 110 751
284 70 40 413
285 710 587 48
286 215 98 248
287 780 155 349
288 713 100 92
289 274 199 544
290 91 221 245
291 247 349 566
292 93 300 351
293 53 500 581
294 372 535 921
295 359 70 401
296 248 386 197
297 229 715 339
298 353 57 22
299 696 56 34
300 108 434 428
301 852 430 34
302 416 267 275
303 257 588 323
304 84 186 644
305 671 130 568
306 63 583 69
307 58 405 665
308 172 450 739
309 635 107 202
310 449 127 193
311 236 552 320
312 649 325 229
313 415 592 221
314 326 663 351
315 320 232 122
316 615 334 32
317 209 270 397
318 240 586 488
319 585 393 108
320 311 5 337
321 566 928 113
322 729 68 662
323 729 551 539
324 96 369 649
325 312 649 6
326 314 213 215
327 787 692 310
328 359 498 143
329 785 540 41
330 526 9 238
331 346 108 319
332 207 400 72
333 343 375 314
334 106 352 316
335 689 173 452
336 289 43 483
337 369 320 236
338 507 560 342
339 715 297 24
340 510 852 782
341 268 467 858
342 61 292 71
343 653 51 767
344 377 415 88
345 585 216 300
346 331 108 300
347 937 100 356
348 517 633 402
349 291 96 113
350 445 588 427
351 292 248 314
352 334 228 655
353 17 638 89
354 85 450 749
355 783 111 771
356 100 551 347
357 584 644 854
358 688 385 293
359 295 5 320
360 502 88 663
361 543 316 32
362 275 416 434
363 139 154 754
364 62 103 438
365 367 366 813
366 367 365 421
367 366 365 813
368 391 213 72
369 337 665 238
370 637 406 325
371 366 924 603
372 294 921 535
373 331 585 91
374 134 420 371
375 88 873 186
376 162 27 214
377 553 592 456
378 209 63 40
379 84 63 22
380 188 22 606
381 322 153 390
382 89 122 534
383 615 427 728
384 386 326 268
385 512 358 851
386 296 248 117
387 545 705 367
388 397 209 715
389 734 265 724
390 473 307 291
391 213 5 479
392 587 789 471
393 275 55 726
394 19 483 230
395 163 189 717
396 72 349 555
397 715 193 388
398 108 245 486
399 771 588 914
400 453 127 733
401 295 51 741
402 167 356 119
403 728 430 427
404 845 93 310
405 307 58 9
406 209 370 649
407 283 751 808
408 337 874 369
409 228 546 427
410 63 214 370
411 526 631 96
412 734 936 742
413 104 352 106
414 432 47 487
415 313 377 344
416 267 275 496
417 786 826 615
418 359 320 552
419 490 382 873
420 351 314 376
421 366 20 365
422 189 163 395
423 389 198 440
424 618 101 216
425 233 552 90
426 450 172 308
427 586 39 383
428 93 300 292
429 421 580 386
430 301 569 852
431 25 31 713
432 780 463 414
433 100 347 551
434 300 393 726
435 592 740 617
436 183 186 150
437 671 167 230
438 103 734 568
439 827 146 876
440 673 394 601
441 275 93 681
442 413 28 104
443 817 132 675
444 293 466 68
445 350 754 484
446 346 108 91
447 110 283 170
448 764 893 348
449 127 310 453
450 426 172 308
451 297 307 59
452 215 275 393
453 262 400 449
454 61 342 553
455 560 215 93
456 91 108 416
457 473 526 490
458 222 702 167
459 732 472 936
460 474 650 195
461 509 133 771
462 568 489 732
463 790 432 301
464 747 147 847
465 196 618 417
466 623 500 469
467 181 736 898
468 798 236 697
469 226 788 175
470 540 641 274
471 221 393 55
472 459 469 226
473 307 534 523
474 272 133 246
475 124 578 109
476 151 88 173
477 452 215 541
478 624 492 747
479 391 901 315
480 747 624 487
481 165 77 484
482 583 126 602
483 704 745 199
484 110 546 283
485 412 469 734
486 177 93 346
487 90 262 747
488 586 518 852
489 462 469 459
490 130 457 295
491 155 122 320
492 76 248 291
493 390 593 798
494 544 43 300
495 294 214 63
496 416 101 55
497 213 566 314
498 328 337 5
499 456 344 183
500 581 466 293
501 588 728 812
502 360 150 342
503 377 592 795
504 229 310 199
505 599 310 196
506 563 260 673
507 338 560 822
508 301 430 809
509 34 811 169
510 340 782 240
511 152 155 40
512 385 54 36
513 186 747 624
514 60 257 826
515 747 474 304
516 713 440 519
517 348 633 402
518 488 723 862
519 700 707 516
520 393 745 737
521 685 307 526
522 195 590 86
523 473 270 58
524 551 713 568
525 73 412 323
526 307 9 685
527 487 737 214
528 754 399 169
529 574 64 780
530 588 350 60
531 415 392 129
532 553 270 83
533 356 402 395
534 84 473 17
535 294 306 274
536 89 200 58
537 628 370 747
538 666 122 382
539 568 431 833
540 329 641 884
541 215 452 335
542 71 304 351
543 399 361 771
544 494 649 726
545 367 254 366
546 110 272 484
547 412 189 134
548 167 402 551
549 673 230 601
550 93 486 177
551 167 140 100
552 311 697 59
553 763 377 41
554 679 668 864
555 835 47 567
556 735 213 391
557 732 580 459
558 498 747 378
559 191 291 853
560 342 338 61
561 43 370 214
562 82 21 86
563 506 163 395
564 584 883 828
565 22 186 456
566 291 665 236
567 236 311 337
568 539 62 276
569 739 749 39
570 640 201 359
571 191 62 734
572 473 291 744
573 110 170 546
574 744 537 487
575 273 729 375
576 553 486 221
577 126 334 413
578 18 207 475
579 167 163 356
580 472 936 469
581 25 500 293
582 644 314 40
583 306 482 602
584 564 854 883
585 319 708 108
586 488 427 754
587 392 42 789
588 399 819 239
589 130 276 732
590 522 207 97
591 213 466 176
592 127 377 41
593 122 16 724
594 623 140 431
595 702 705 251
596 551 264 167
597 228 240 146
598 551 433 323
599 196 216 618
600 229 329 58
601 549 167 643
602 126 214 583
603 365 366 367
604 83 532 102
605 346 248 664
606 320 337 84
607 89 534 666
608 812 198 364
609 939 733 400
610 125 239 782
611 273 677 702
612 359 572 453
613 721 100 347
614 186 638 315
615 32 316 383
616 365 367 813
617 631 127 93
618 216 196 36
619 641 600 470
620 393 55 726
621 642 456 300
622 397 532 102
623 103 696 175
624 747 478 513
625 34 509 488
626 292 71 177
627 739 308 203
628 537 780 666
629 167 83 82
630 318 484 546
631 617 300 428
632 98 755 486
633 568 517 734
634 729 790 204
635 107 251 677
636 14 633 276
637 745 370 737
638 186 17 353
639 286 326 513
640 238 570 382
641 540 711 55
642 406 370 300
643 601 799 163
644 72 113 780
645 723 257 178
646 483 849 748
647 101 21 312
648 713 54 119
649 312 544 43
650 46 865 897
651 394 810 329
652 406 300 649
653 767 42 343
654 143 883 78
655 111 228 110
656 103 833 25
657 526 457 736
658 449 310 292
659 789 726 544
660 747 306 464
661 459 734 589
662 98 322 705
663 314 150 338
664 629 346 653
665 307 369 291
666 162 538 382
667 196 277 352
668 498 369 231
669 715 730 236
670 216 618 36
671 437 305 14
672 277 110 573
673 230 549 713
674 110 908 272
675 133 443 132
676 16 601 202
677 568 890 51
678 699 520 780
679 295 225 401
680 514 60 128
681 441 93 345
682 132 783 111
683 55 41 921
684 139 148 46
685 271 526 307
686 528 399 588
687 815 350 32
688 31 431 358
689 740 86 642
690 875 555 487
691 209 689 671
692 71 787 693
693 715 453 59
694 128 110 283
695 128 573 712
696 623 688 323
697 552 311 24
698 16 226 402
699 678 537 736
700 272 742 133
701 126 60 501
702 67 167 402
703 337 779 40
704 483 199 748
705 721 702 402
706 353 538 270
707 551 230 437
708 585 245 319
709 28 152 176
710 587 42 127
711 641 372 540
712 205 751 514
713 100 230 524
714 346 93 452
715 397 339 297
716 103 140 579
717 395 163 713
718 604 235 64
719 170 128 283
720 780 811 509
721 705 613 524
722 747 699 513
723 862 427 586
724 702 389 593
725 65 140 579
726 393 108 471
727 721 119 198
728 403 383 501
729 323 431 833
730 911 17 122
731 172 739 450
732 459 636 734
733 400 609 453
734 568 633 16
735 556 781 648
736 699 737 526
737 300 69 370
738 752 3 252
739 172 569 731
740 683 689 617
741 31 568 431
742 936 459 412
743 457 321 662
744 5 574 291
745 483 637 756
746 388 233 324
747 624 537 487
748 312 289 704
749 754 852 34
750 63 42 578
751 283 110 228
752 90 168 47
753 14 636 264
754 586 749 445
755 319 708 55
756 275 393 745
757 479 647 637
758 14 237 119
759 261 592 795
760 551 596 548
761 876 729 375
762 537 342 63
763 553 41 273
764 135 593 70
765 325 59 6
766 487 47 236
767 653 343 431
768 140 524 31
769 323 16 62
770 877 722 513
771 783 399 355
772 197 416 267
773 406 370 101
774 826 190 104
775 12 9 27
776 209 691 747
777 642 452 93
778 289 629 56
779 703 487 297
780 152 747 628
781 735 481 140
782 510 240 754
783 355 771 914
784 40 96 928
785 329 43 41
786 205 862 723
787 327 692 187
788 469 226 741
789 108 471 620
790 430 739 301
791 276 517 402
792 500 594 431
793 606 580 764
794 496 300 101
795 449 187 255
796 790 686 481
797 641 704 253
798 468 359 752
799 601 643 119
800 281 728 809
801 27 365 20
802 749 865 430
803 434 300 94
804 48 416 434
805 624 266 248
806 274 289 253
807 106 281 543
808 132 133 925
809 399 106 132
810 872 355 771
811 509 34 450
812 501 280 608
813 365 367 366
814 94 147 535
815 687 543 2
816 293 402 53
817 283 443 111
818 474 77 562
819 239 588 352
820 329 19 785
821 676 864 794
822 93 631 537
823 509 154 139
824 356 402 119
825 196 7 544
826 774 615 514
827 439 564 876
828 564 883 298
829 312 325 649
830 284 177 142
831 509 139 823
832 603 813 365
833 539 103 729
834 692 609 592
835 555 213 349
836 539 437 568
837 22 63 722
838 732 469 276
839 337 160 624
840 239 383 352
841 228 817 751
842 27 6 43
843 63 520 296
844 514 205 712
845 310 765 658
846 209 784 245
847 464 147 814
848 346 19 116
849 487 400 339
850 116 293 53
851 512 385 358
852 301 34 749
853 291 51 247
854 584 320 908
855 771 783 132
856 557 198 769
857 872 742 46
858 598 341 433
859 476 344 272
860 436 854 454
861 291 76 247
862 723 205 786
863 486 221 93
864 80 74 31
865 110 283 46
866 349 487 747
867 393 267 520
868 671 519 894
869 658 663 292
870 460 573 454
871 395 717 100
872 810 672 857
873 265 375 472
874 213 555 408
875 526 555 690
876 882 61 638
877 17 186 64
878 167 230 673
879 392 221 331
880 199 312 329
881 289 199 19
882 876 667 542
883 908 564 120
884 540 372 42
885 266 292 91
886 600 641 19
887 79 227 375
888 326 304 61
889 214 649 349
890 677 276 14
891 325 829 312
892 331 116 108
893 412 459 854
894 230 62 568
895 292 681 626
896 229 715 300
897 85 650 407
898 537 624 467
899 600 247 114
900 289 778 147
901 359 391 479
902 773 657 212
903 592 127 876
904 633 734 705
905 633 734 276
906 67 838 80
907 9 743 552
908 883 315 854
909 322 741 401
910 69 229 324
911 150 730 17
912 736 321 386
913 727 903 592
914 783 142 399
915 565 342 121
916 156 589 276
917 534 84 538
918 249 769 763
919 352 427 240
920 483 704 641
921 55 108 91
922 816 713 293
923 13 225 295
924 371 801 510
925 808 739 106
926 620 471 483
927 941 835 470
928 349 321 40
929 437 653 177
930 700 237 758
931 637 839 71
932 452 398 714
933 406 378 379
934 119 230 437
935 175 62 226
936 742 130 459
937 347 167 551
938 202 237 691
939 609 747 152
940 202 816 489
941 733 703 498
942 585 93 550
